Failed to import property_estimator package.
#======================================================================#
#| [1m            Welcome to ForceBalance version 1.6.0! =D             [0m |#
#| [1m                 Force Field Optimization System                  [0m |#
#| [1m                                                                  [0m |#
#| [1m                             Authors:                             [0m |#
#| [1m                          Lee-Ping Wang                           [0m |#
#| [1m                  Keri A. McKiernan, Yudong Qiu                   [0m |#
#| [1m           Arthur Vigil, Erik G. Brandt, Johnny Israeli           [0m |#
#======================================================================#

                          [44m     [0m                                        
                       [44m        [0m      [43m     [0m                              
                    [44m        [0m   [44m  [0m    [43m         [0m                          
                 [44m       [0m    [44m      [0m      [43m         [0m                       
             [44m        [0m    [44m        [0m          [43m         [0m                    
          [44m        [0m    [44m        [0m                 [43m        [0m                 
       [44m        [0m    [44m       [0m                        [43m        [0m              
    [44m        [0m   [44m        [0m                              [43m         [0m          
   [44m      [0m   [44m        [0m               `.:+@@###@'          [43m         [0m       
    [44m [0m    [44m        [0m          ,;'+###############.             [43m     [0m       
      [44m        [0m         +################':`                    [43m [0m        
      [44m     [0m              `.,,...####+.                                  
                                ,#####      +##.               [44m   [0m   [44m   [0m
 [43m    [0m                            #####      ######             [44m   [0m   [44m   [0m
 [43m    [0m                ###'        ####'     :#####'             [44m   [0m   [44m   [0m
 [43m    [0m                :####@      ####.    ,####'               [44m   [0m   [44m   [0m
 [43m    [0m                 ######     ####    +###+                 [44m   [0m   [44m   [0m
 [43m    [0m                  #####     ####   ###;                   [44m   [0m   [44m   [0m
 [43m    [0m                   :##      ####  ++`                     [44m   [0m   [44m   [0m
 [43m    [0m                            ####``..:;+##############+`   [44m   [0m   [44m   [0m
 [43m    [0m             .,:;;'++##################################`  [44m   [0m   [44m   [0m
 [43m    [0m    `############################++++''';;;;;;;;;;;'';    [44m   [0m   [44m   [0m
 [43m    [0m      ,########':,.``       ####                          [44m   [0m   [44m   [0m
 [43m    [0m                            ####                          [44m   [0m   [44m   [0m
 [43m    [0m                            ####                          [44m   [0m   [44m   [0m
 [43m    [0m                            ####                          [44m   [0m   [44m   [0m
 [43m    [0m                            ####                          [44m   [0m   [44m   [0m
 [43m    [0m                            ####                          [44m   [0m   [44m   [0m
 [43m    [0m                            ####                          [44m   [0m   [44m   [0m
 [43m    [0m                            ####                          [44m   [0m   [44m   [0m
      [44m    [0m                       ####                                   
     [44m        [0m                    ####                                   
    [44m [0m    [44m       [0m                 ####                       [43m     [0m       
   [44m     [0m    [44m        [0m             ####                    [43m        [0m       
   [44m        [0m    [44m        [0m          ###                  [43m         [0m         
      [44m        [0m    [44m        [0m        +`               [43m        [0m             
          [44m        [0m   [44m        [0m                   [43m        [0m                
             [44m        [0m   [44m         [0m           [43m         [0m                   
                [44m        [0m    [44m       [0m      [43m         [0m                      
                   [44m        [0m    [44m   [0m    [43m        [0m                          
                      [44m        [0m       [43m      [0m                             
                          [44m      [0m      [43m  [0m                                
                             [44m  [0m                                         

Reading options from file: optimize.in
#========================================================#
#| [95m  Options at their default values are not printed   [0m |#
#| [95m        Use 'verbose_options True' to Enable        [0m |#
#========================================================#
Reading force field from file: smirnoff99Frosst.offxml
#=========================================================#
#| [92m Starting parameter indices, physical values and IDs [0m |#
#=========================================================#
   0 [  1.6000e-01 ] : ProperTorsions/Proper/k1/[#6X4:1]-[#6X4:2]-[#8X2H1:3]-[#1:4]
   1 [  2.5000e-01 ] : ProperTorsions/Proper/k2/[#6X4:1]-[#6X4:2]-[#8X2H1:3]-[#1:4]
   2 [  1.5700e-02 ] : vdW/Atom/epsilon/[#1:1]-[#6X4]
   3 [  1.4870e+00 ] : vdW/Atom/rmin_half/[#1:1]-[#6X4]
   4 [  1.5700e-02 ] : vdW/Atom/epsilon/[#1:1]-[#6X4]-[#7,#8,#9,#16,#17,#35]
   5 [  1.3870e+00 ] : vdW/Atom/rmin_half/[#1:1]-[#6X4]-[#7,#8,#9,#16,#17,#35]
   6 [  5.2700e-05 ] : vdW/Atom/epsilon/[#1:1]-[#8]
   7 [  1.0940e-01 ] : vdW/Atom/epsilon/[#6X4:1]
   8 [  1.9080e+00 ] : vdW/Atom/rmin_half/[#6X4:1]
   9 [  2.1040e-01 ] : vdW/Atom/epsilon/[#8X2H1+0:1]
  10 [  1.7210e+00 ] : vdW/Atom/rmin_half/[#8X2H1+0:1]
-----------------------------------------------------------
#=========================================================#
#| [91m Rescaling Factors by Type (Lower Takes Precedence): [0m |#
#=========================================================#
   ProperTorsions/Proper/k1             : 1.60000e-01
   ProperTorsions/Proper/k2             : 2.50000e-01
   ProperTorsions/Proper/k              : 1.00000e+00
   vdW/Atom/epsilon                     : 1.00000e-01
   vdW/Atom/rmin_half                   : 1.00000e+00
-----------------------------------------------------------
#========================================================#
#| [91m   Rescaling Types / Factors by Parameter Number:   [0m |#
#========================================================#
   0 [    ProperTorsions/Proper/k       : 1.00000e+00 ] : ProperTorsions/Proper/k1/[#6X4:1]-[#6X4:2]-[#8X2H1:3]-[#1:4]
   1 [    ProperTorsions/Proper/k       : 1.00000e+00 ] : ProperTorsions/Proper/k2/[#6X4:1]-[#6X4:2]-[#8X2H1:3]-[#1:4]
   2 [    vdW/Atom/epsilon              : 1.00000e-01 ] : vdW/Atom/epsilon/[#1:1]-[#6X4]
   3 [    vdW/Atom/rmin_half            : 1.00000e+00 ] : vdW/Atom/rmin_half/[#1:1]-[#6X4]
   4 [    vdW/Atom/epsilon              : 1.00000e-01 ] : vdW/Atom/epsilon/[#1:1]-[#6X4]-[#7,#8,#9,#16,#17,#35]
   5 [    vdW/Atom/rmin_half            : 1.00000e+00 ] : vdW/Atom/rmin_half/[#1:1]-[#6X4]-[#7,#8,#9,#16,#17,#35]
   6 [    vdW/Atom/epsilon              : 1.00000e-01 ] : vdW/Atom/epsilon/[#1:1]-[#8]
   7 [    vdW/Atom/epsilon              : 1.00000e-01 ] : vdW/Atom/epsilon/[#6X4:1]
   8 [    vdW/Atom/rmin_half            : 1.00000e+00 ] : vdW/Atom/rmin_half/[#6X4:1]
   9 [    vdW/Atom/epsilon              : 1.00000e-01 ] : vdW/Atom/epsilon/[#8X2H1+0:1]
  10 [    vdW/Atom/rmin_half            : 1.00000e+00 ] : vdW/Atom/rmin_half/[#8X2H1+0:1]
----------------------------------------------------------
#========================================================#
#| [92m               Setup for force field                [0m |#
#========================================================#
fnms                      ['smirnoff99Frosst.offxml'] 
priors                    OrderedDict([('ProperTorsions/Proper/k', 1.0), ('vdW/Atom/epsilon', 0.1), ('vdW/Atom/rmin_half', 1.0)]) 
----------------------------------------------------------
Backing up: optimize.tmp/ethanol-property-estimate to: optimize.bak/ethanol-property-estimate_3.tar.bz2
#========================================================#
#| [92m  Loaded experimental data from property estimator  [0m |#
#========================================================#
#========================================================#
#| [92m               Reference density data               [0m |#
#========================================================#
298.15K-1.0atm            1.000000 
328.15K-1.0atm            0.950000 
----------------------------------------------------------
#========================================================#
#| [92m             Reference dielectric data              [0m |#
#========================================================#
298.15K-1.0atm            0.600000 
328.15K-1.0atm            0.400000 
----------------------------------------------------------
#========================================================#
#| [92m                Reference Hvap data                 [0m |#
#========================================================#
298.15K-1.0atm            0.600000 
328.15K-1.0atm            0.400000 
----------------------------------------------------------
#========================================================#
#| [92m    Setup for target ethanol-property-estimate :    [0m |#
#========================================================#
name                      ethanol-property-estimate 
type                      PROPERTYESTIMATE_SMIRNOFF 
tgtdir                    targets/ethanol-property-estimate 
prop_est_input            prop_est_input.json 
liquid_fdiff_h            0.01 
----------------------------------------------------------
Backing up: optimize.tmp/ethanol-torsiondrive to: optimize.bak/ethanol-torsiondrive_3.tar.bz2
QM forces are not present, only fitting energies.
#========================================================#
#| [92m      Setup for target ethanol-torsiondrive :       [0m |#
#========================================================#
pdb                       gas.pdb 
mol2                      ['ETH.mol2'] 
coords                    scan.xyz 
precision                 double 
platname                  CUDA 
name                      ethanol-torsiondrive 
type                      ABINITIO_SMIRNOFF 
tgtdir                    targets/ethanol-torsiondrive 
writelevel                1 
shots                     24 
----------------------------------------------------------
#========================================================#
#| [92m        SMIRNOFF Parameter Coverage Analysis        [0m |#
#========================================================#
No smirnoff topology or molecule found for target ethanol-property-estimate
Force field assignment data written to /home2/qyd/projects/forcebalance-dev/studies/023_property_estimator/smirnoff_parameter_assignments.json
 idx Parameter                                                                                                   Count
----------------------------------------------------------------------------------------------------------------------
   0 ProperTorsions/Proper/k1/[#6X4:1]-[#6X4:2]-[#8X2H1:3]-[#1:4]                                         :          1
   1 ProperTorsions/Proper/k2/[#6X4:1]-[#6X4:2]-[#8X2H1:3]-[#1:4]                                         :          1
   2 vdW/Atom/epsilon/[#1:1]-[#6X4]                                                                       :          3
   3 vdW/Atom/rmin_half/[#1:1]-[#6X4]                                                                     :          3
   4 vdW/Atom/epsilon/[#1:1]-[#6X4]-[#7,#8,#9,#16,#17,#35]                                                :          2
   5 vdW/Atom/rmin_half/[#1:1]-[#6X4]-[#7,#8,#9,#16,#17,#35]                                              :          2
   6 vdW/Atom/epsilon/[#1:1]-[#8]                                                                         :          1
   7 vdW/Atom/epsilon/[#6X4:1]                                                                            :          2
   8 vdW/Atom/rmin_half/[#6X4:1]                                                                          :          2
   9 vdW/Atom/epsilon/[#8X2H1+0:1]                                                                        :          1
  10 vdW/Atom/rmin_half/[#8X2H1+0:1]                                                                      :          1
SNIRNOFF Parameter Coverage Analysis result: 11/11 parameters are covered.
----------------------------------------------------------------------------------------------------------------------
Using parabolic regularization (Gaussian prior) with strength 1.0e+00 (+), 0.0e+00 (x)
#========================================================#
#| [92m           Setup for objective function :           [0m |#
#========================================================#
penalty_additive          1.0 
normalize_weights         False 
----------------------------------------------------------
#========================================================#
#| [92m                Setup for optimizer                 [0m |#
#========================================================#
jobtype                   OPTIMIZE 
trust0                    0.25 
mintrust                  0.05 
eps                       0.01 
convergence_objective     0.1 
convergence_step          0.1 
convergence_gradient      0.1 
adapt_fac                 0.2 
adapt_damp                1.0 
print_hess                True 
err_tol                   1.0 
input_file                optimize.in 
----------------------------------------------------------
#========================================================#
#| [1m                  Main Optimizer                    [0m |#
#| [1m   Newton-Raphson Method (Adaptive Trust Radius)    [0m |#
#| [1m                                                    [0m |#
#| [1m       [0mConvergence criteria (1 of 3 needed):        [0m |#
#| [1m          [0mObjective Function  : 1.000e-01           [0m |#
#| [1m          [0mNorm of Gradient    : 1.000e-01           [0m |#
#| [1m          [0mParameter step size : 1.000e-01           [0m |#
#========================================================#
#========================================================#
#|       Color Key for Objective Function -=X2=-        |#
#|  [1mBold[0m = Initial step                                 |#
#|  [92mGreen = Current lowest value of objective function[0m  |#
#|  [91mRed = Objective function rises, step rejected[0m       |#
#|  [0mNo color = Not at the lowest value                  |#
#========================================================#
#========================================================#
#| [94m     Iteration 0: Evaluating objective function     [0m |#
#| [94m        and derivatives through second order        [0m |#
#========================================================#
One job submitted to property estimator
22 jobs with +- perturbations and reweight submitted to property estimator

#===================================================================================================#
#| [1;94m                               ethanol-property-estimate density                               [0m |#
#| [1;94m Temperature  Pressure  Reference  Calculated +- Stdev     Delta    Weight    Denom     Term   [0m |#
#===================================================================================================#
     298.15K     1.0atm     1.000          1.030 +- 0.030     0.030   0.50000   1.00000   0.00045  
     328.15K     1.0atm     0.950          0.950 +- 0.040     0.000   0.50000   1.00000   0.00000  
-----------------------------------------------------------------------------------------------------

#===================================================================================================#
#| [1;94m                             ethanol-property-estimate dielectric                              [0m |#
#| [1;94m Temperature  Pressure  Reference  Calculated +- Stdev     Delta    Weight    Denom     Term   [0m |#
#===================================================================================================#
     298.15K     1.0atm     0.600          0.640 +- 0.040     0.040   0.50000   2.00000   0.00020  
     328.15K     1.0atm     0.400          0.440 +- 0.050     0.040   0.50000   2.00000   0.00020  
-----------------------------------------------------------------------------------------------------

#===================================================================================================#
#| [1;94m                                ethanol-property-estimate Hvap                                 [0m |#
#| [1;94m Temperature  Pressure  Reference  Calculated +- Stdev     Delta    Weight    Denom     Term   [0m |#
#===================================================================================================#
     298.15K     1.0atm     0.600          0.610 +- 0.060     0.010   0.50000   1.00000   0.00005  
     328.15K     1.0atm     0.400          0.430 +- 0.040     0.030   0.50000   1.00000   0.00045  
-----------------------------------------------------------------------------------------------------

#============================================================================================#
#|      Target: ethanol-torsiondrive  Type: AbInitio_SMIRNOFF  Objective = 3.43600e-01      |#
#|                    Difference   Denominator     Percent                                  |#
#|  Observable        (Calc-Ref)     RMS (Ref)   Difference       Term   x Wt =   Contrib.  |#
#============================================================================================#
    Energy (kJ/mol)       1.0797        1.8420     58.6174%     0.3436    1.000     0.3436 
----------------------------------------------------------------------------------------------
#====================================================================#
#| [94m                  Objective Function Breakdown                  [0m |#
#| [94m  Target Name              Residual  x  Weight  =  Contribution [0m |#
#====================================================================#
ethanol-property-estimate      0.00135      1.000 [94m     1.35000e-03[0m 
ethanol-torsiondrive           0.34360      1.000 [94m     3.43600e-01[0m 
Regularization                 0.00000      1.000 [94m     0.00000e+00[0m 
Total                                             [94m     3.44950e-01[0m 
----------------------------------------------------------------------

  Step       |k|        |dk|       |grad|       -=X2=-     Delta(X2)    StepQual
     0   0.000e+00   0.000e+00   1.865e+00[1m   3.44950e-01[0m   0.000e+00      0.000

#========================================================#
#| [94m                   Total Gradient                   [0m |#
#========================================================#
   0 [ -1.29954835e+00 ] : ProperTorsions/Proper/k1/[#6X4:1]-[#6X4:2]-[#8X2H1:3]-[#1:4]
   1 [  1.06986241e+00 ] : ProperTorsions/Proper/k2/[#6X4:1]-[#6X4:2]-[#8X2H1:3]-[#1:4]
   2 [ -3.02150861e-01 ] : vdW/Atom/epsilon/[#1:1]-[#6X4]
   3 [ -4.59640589e-01 ] : vdW/Atom/rmin_half/[#1:1]-[#6X4]
   4 [ -1.38277842e-02 ] : vdW/Atom/epsilon/[#1:1]-[#6X4]-[#7,#8,#9,#16,#17,#35]
   5 [ -2.59959965e-02 ] : vdW/Atom/rmin_half/[#1:1]-[#6X4]-[#7,#8,#9,#16,#17,#35]
   6 [ -3.93320859e-01 ] : vdW/Atom/epsilon/[#1:1]-[#8]
   7 [ -1.61491510e-04 ] : vdW/Atom/epsilon/[#6X4:1]
   8 [ -7.13808824e-04 ] : vdW/Atom/rmin_half/[#6X4:1]
   9 [ -2.14513123e-02 ] : vdW/Atom/epsilon/[#8X2H1+0:1]
  10 [ -4.32827536e-01 ] : vdW/Atom/rmin_half/[#8X2H1+0:1]
----------------------------------------------------------
#========================================================#
#| [94m                   Total Hessian                    [0m |#
#========================================================#
 7.15810965e+00  2.29056789e-04 -8.63186580e-02 -1.18557149e-01  6.91586629e-03  1.31951043e-02 -9.98812736e-02 -1.31025652e-05  4.23141289e-04 -6.95604494e-03 -1.31713113e-01 
 2.29056789e-04  7.16135560e+00 -1.25064429e+00 -1.89055572e+00 -3.44232059e-02 -6.57806948e-02 -2.44954470e+00 -9.44702314e-04 -2.78035804e-03 -9.03737988e-02 -1.81990606e+00 
-8.63186580e-02 -1.25064429e+00  2.34174205e+00  5.16454350e-01  1.08610937e-02  2.05341158e-02  5.43350213e-01  2.11190140e-04  6.75481998e-04  2.46067086e-02  4.94843167e-01 
-1.18557149e-01 -1.89055572e+00  5.16454350e-01  2.78051907e+00  1.64367160e-02  3.10756497e-02  8.21013885e-01  3.19180416e-04  1.02191451e-03  3.71849142e-02  7.47815522e-01 
 6.91586629e-03 -3.44232059e-02  1.08610937e-02  1.64367160e-02  2.00043922e+00  8.22177210e-04  1.24792737e-02  4.99308149e-06  1.99781586e-05  7.75767326e-04  1.55895954e-02 
 1.31951043e-02 -6.57806948e-02  2.05341158e-02  3.10756497e-02  8.22177210e-04  2.00153986e+00  2.41603671e-02  9.64986067e-06  3.80961015e-05  1.46719679e-03  2.94874903e-02 
-9.98812736e-02 -2.44954470e+00  5.43350213e-01  8.21013885e-01  1.24792737e-02  2.41603671e-02  3.23776301e+00  4.73922105e-04  1.29998227e-03  3.94207920e-02  7.94396388e-01 
-1.31025652e-05 -9.44702314e-04  2.11190140e-04  3.19180416e-04  4.99308149e-06  9.64986067e-06  4.73922105e-04  2.00000018e+00  5.03768945e-07  1.53125590e-05  3.08588929e-04 
 4.23141289e-04 -2.78035804e-03  6.75481998e-04  1.02191451e-03  1.99781586e-05  3.80961015e-05  1.29998227e-03  5.03768945e-07  2.00000155e+00  4.87109461e-05  9.81224598e-04 
-6.95604494e-03 -9.03737988e-02  2.46067086e-02  3.71849142e-02  7.75767326e-04  1.46719679e-03  3.94207920e-02  1.53125590e-05  4.87109461e-05  2.00177220e+00  3.56395912e-02 
-1.31713113e-01 -1.81990606e+00  4.94843167e-01  7.47815522e-01  1.55895954e-02  2.94874903e-02  7.94396388e-01  3.08588929e-04  9.81224598e-04  3.56395912e-02  2.71675331e+00 
----------------------------------------------------------
Calculating nonlinear optimization step
Newton-Raphson step found (length 2.3920e-01)
#========================================================#
#| [95m  Mathematical Parameters (Current + Step = Next)   [0m |#
#========================================================#
   0 [  0.0000e+00 + 1.8473e-01 =  1.8473e-01 ] : ProperTorsions/Proper/k1/[#6X4:1]-[#6X4:2]-[#8X2H1:3]-[#1:4]
   1 [  0.0000e+00 - 1.0132e-01 = -1.0132e-01 ] : ProperTorsions/Proper/k2/[#6X4:1]-[#6X4:2]-[#8X2H1:3]-[#1:4]
   2 [  0.0000e+00 + 4.9128e-02 =  4.9128e-02 ] : vdW/Atom/epsilon/[#1:1]-[#6X4]
   3 [  0.0000e+00 + 7.4628e-02 =  7.4628e-02 ] : vdW/Atom/rmin_half/[#1:1]-[#6X4]
   4 [  0.0000e+00 + 3.0699e-03 =  3.0699e-03 ] : vdW/Atom/epsilon/[#1:1]-[#6X4]-[#7,#8,#9,#16,#17,#35]
   5 [  0.0000e+00 + 5.6817e-03 =  5.6817e-03 ] : vdW/Atom/rmin_half/[#1:1]-[#6X4]-[#7,#8,#9,#16,#17,#35]
   6 [  0.0000e+00 + 6.3468e-03 =  6.3468e-03 ] : vdW/Atom/epsilon/[#1:1]-[#8]
   7 [  0.0000e+00 + 4.7987e-06 =  4.7987e-06 ] : vdW/Atom/epsilon/[#6X4:1]
   8 [  0.0000e+00 + 8.4078e-05 =  8.4078e-05 ] : vdW/Atom/rmin_half/[#6X4:1]
   9 [  0.0000e+00 + 3.4360e-03 =  3.4360e-03 ] : vdW/Atom/epsilon/[#8X2H1+0:1]
  10 [  0.0000e+00 + 6.8930e-02 =  6.8930e-02 ] : vdW/Atom/rmin_half/[#8X2H1+0:1]
----------------------------------------------------------
#========================================================#
#| [95m    Physical Parameters (Current + Step = Next)     [0m |#
#========================================================#
   0 [  1.6000e-01 + 1.8473e-01 =  3.4473e-01 ] : ProperTorsions/Proper/k1/[#6X4:1]-[#6X4:2]-[#8X2H1:3]-[#1:4]
   1 [  2.5000e-01 - 1.0132e-01 =  1.4868e-01 ] : ProperTorsions/Proper/k2/[#6X4:1]-[#6X4:2]-[#8X2H1:3]-[#1:4]
   2 [  1.5700e-02 + 4.9128e-03 =  2.0613e-02 ] : vdW/Atom/epsilon/[#1:1]-[#6X4]
   3 [  1.4870e+00 + 7.4628e-02 =  1.5616e+00 ] : vdW/Atom/rmin_half/[#1:1]-[#6X4]
   4 [  1.5700e-02 + 3.0699e-04 =  1.6007e-02 ] : vdW/Atom/epsilon/[#1:1]-[#6X4]-[#7,#8,#9,#16,#17,#35]
   5 [  1.3870e+00 + 5.6817e-03 =  1.3927e+00 ] : vdW/Atom/rmin_half/[#1:1]-[#6X4]-[#7,#8,#9,#16,#17,#35]
   6 [  5.2700e-05 + 6.3468e-04 =  6.8738e-04 ] : vdW/Atom/epsilon/[#1:1]-[#8]
   7 [  1.0940e-01 + 4.7987e-07 =  1.0940e-01 ] : vdW/Atom/epsilon/[#6X4:1]
   8 [  1.9080e+00 + 8.4078e-05 =  1.9081e+00 ] : vdW/Atom/rmin_half/[#6X4:1]
   9 [  2.1040e-01 + 3.4360e-04 =  2.1074e-01 ] : vdW/Atom/epsilon/[#8X2H1+0:1]
  10 [  1.7210e+00 + 6.8930e-02 =  1.7899e+00 ] : vdW/Atom/rmin_half/[#8X2H1+0:1]
----------------------------------------------------------
Input file with saved parameters: optimize.sav
#========================================================#
#| [94m     Iteration 1: Evaluating objective function     [0m |#
#| [94m        and derivatives through second order        [0m |#
#========================================================#
One job submitted to property estimator
22 jobs with +- perturbations and reweight submitted to property estimator

#===================================================================================================#
#| [1;94m                               ethanol-property-estimate density                               [0m |#
#| [1;94m Temperature  Pressure  Reference  Calculated +- Stdev     Delta    Weight    Denom     Term   [0m |#
#===================================================================================================#
     298.15K     1.0atm     1.000          1.030 +- 0.030     0.030   0.50000   1.00000   0.00045  
     328.15K     1.0atm     0.950          0.950 +- 0.040     0.000   0.50000   1.00000   0.00000  
-----------------------------------------------------------------------------------------------------

#===================================================================================================#
#| [1;94m                             ethanol-property-estimate dielectric                              [0m |#
#| [1;94m Temperature  Pressure  Reference  Calculated +- Stdev     Delta    Weight    Denom     Term   [0m |#
#===================================================================================================#
     298.15K     1.0atm     0.600          0.640 +- 0.040     0.040   0.50000   2.00000   0.00020  
     328.15K     1.0atm     0.400          0.440 +- 0.050     0.040   0.50000   2.00000   0.00020  
-----------------------------------------------------------------------------------------------------

#===================================================================================================#
#| [1;94m                                ethanol-property-estimate Hvap                                 [0m |#
#| [1;94m Temperature  Pressure  Reference  Calculated +- Stdev     Delta    Weight    Denom     Term   [0m |#
#===================================================================================================#
     298.15K     1.0atm     0.600          0.610 +- 0.060     0.010   0.50000   1.00000   0.00005  
     328.15K     1.0atm     0.400          0.430 +- 0.040     0.030   0.50000   1.00000   0.00045  
-----------------------------------------------------------------------------------------------------

#============================================================================================#
#|      Target: ethanol-torsiondrive  Type: AbInitio_SMIRNOFF  Objective = 6.28238e-02      |#
#|                    Difference   Denominator     Percent                                  |#
#|  Observable        (Calc-Ref)     RMS (Ref)   Difference       Term   x Wt =   Contrib.  |#
#============================================================================================#
    Energy (kJ/mol)       0.4617        1.8420     25.0647%     0.0628    1.000     0.0628 
----------------------------------------------------------------------------------------------
#===================================================================================#
#| [94m                         Objective Function Breakdown                          [0m |#
#| [94m  Target Name              Residual  x  Weight  =  Contribution (Current-Prev) [0m |#
#===================================================================================#
ethanol-property-estimate      0.00135      1.000 [92m     1.35000e-03[0m ( +0.000e+00 ) 
ethanol-torsiondrive           0.06282      1.000 [92m     6.28238e-02[0m ( -2.808e-01 ) 
Regularization                 0.05722      1.000 [91m     5.72182e-02[0m ( +5.722e-02 ) 
Total                                             [92m     1.21392e-01[0m ( -2.236e-01 ) 
-------------------------------------------------------------------------------------
Backing up result/optimize/smirnoff99Frosst.offxml -> result/optimize/smirnoff99Frosst_6.offxml
#========================================================================#
#|  The force field has been written to the result/optimize directory.  |#
#|    Input file with optimization parameters saved to optimize.sav.    |#
#========================================================================#

  Step       |k|        |dk|       |grad|       -=X2=-     Delta(X2)    StepQual
     1   2.392e-01   2.392e-01   1.390e-01[92m   1.21392e-01[0m  -2.236e-01      1.039

#========================================================#
#| [94m                   Total Gradient                   [0m |#
#========================================================#
   0 [ -8.63126383e-03 ] : ProperTorsions/Proper/k1/[#6X4:1]-[#6X4:2]-[#8X2H1:3]-[#1:4]
   1 [ -1.26633677e-01 ] : ProperTorsions/Proper/k2/[#6X4:1]-[#6X4:2]-[#8X2H1:3]-[#1:4]
   2 [ -5.63896761e-03 ] : vdW/Atom/epsilon/[#1:1]-[#6X4]
   3 [ -3.59130256e-02 ] : vdW/Atom/rmin_half/[#1:1]-[#6X4]
   4 [ -2.79441049e-03 ] : vdW/Atom/epsilon/[#1:1]-[#6X4]-[#7,#8,#9,#16,#17,#35]
   5 [ -3.78718452e-03 ] : vdW/Atom/rmin_half/[#1:1]-[#6X4]-[#7,#8,#9,#16,#17,#35]
   6 [  2.83462068e-02 ] : vdW/Atom/epsilon/[#1:1]-[#8]
   7 [  5.17618307e-05 ] : vdW/Atom/epsilon/[#6X4:1]
   8 [ -1.92373891e-04 ] : vdW/Atom/rmin_half/[#6X4:1]
   9 [ -2.64509453e-03 ] : vdW/Atom/epsilon/[#8X2H1+0:1]
  10 [ -3.24928251e-02 ] : vdW/Atom/rmin_half/[#8X2H1+0:1]
----------------------------------------------------------
#========================================================#
#| [94m                   Total Hessian                    [0m |#
#========================================================#
 7.15818313e+00  2.29058420e-04 -1.41365576e-01 -2.32751324e-01  1.21309114e-02  2.14725252e-02 -3.56161967e-02 -4.72596322e-05  1.52920073e-03 -1.47318897e-02 -2.54011870e-01 
 2.29058420e-04  7.16135560e+00 -2.08441085e+00 -3.67586620e+00 -5.92166898e-02 -1.05359626e-01 -8.91299829e-01 -3.41204523e-03 -1.00378195e-02 -1.97573610e-01 -3.54843747e+00 
-1.41365576e-01 -2.08441085e+00  2.94507034e+00  1.66729662e+00  3.12702701e-02  5.48608649e-02  3.29689181e-01  1.27344278e-03  4.06363505e-03  8.94013280e-02  1.60426668e+00 
-2.32751324e-01 -3.67586620e+00  1.66729662e+00  4.94152382e+00  5.52714381e-02  9.69627955e-02  5.80920601e-01  2.24431448e-03  7.17105016e-03  1.57715541e-01  2.83016421e+00 
 1.21309114e-02 -5.92166898e-02  3.12702701e-02  5.52714381e-02  2.00134829e+00  2.33325941e-03  7.68455185e-03  3.07033385e-05  1.24382420e-04  2.94089151e-03  5.27448238e-02 
 2.14725252e-02 -1.05359626e-01  5.48608649e-02  9.69627955e-02  2.33325941e-03  2.00404132e+00  1.39222678e-02  5.54729809e-05  2.20670057e-04  5.16104445e-03  9.25714343e-02 
-3.56161967e-02 -8.91299829e-01  3.29689181e-01  5.80920601e-01  7.68455185e-03  1.39222678e-02  2.16412195e+00  6.23251020e-04  1.70741996e-03  3.13296591e-02  5.62947520e-01 
-4.72596322e-05 -3.41204523e-03  1.27344278e-03  2.24431448e-03  3.07033385e-05  5.54729809e-05  6.23251020e-04  2.00000237e+00  6.56851628e-06  1.20956359e-04  2.17344324e-03 
 1.52920073e-03 -1.00378195e-02  4.06363505e-03  7.17105016e-03  1.24382420e-04  2.20670057e-04  1.70741996e-03  6.56851628e-06  2.00002015e+00  3.84549668e-04  6.90793675e-03 
-1.47318897e-02 -1.97573610e-01  8.94013280e-02  1.57715541e-01  2.94089151e-03  5.16104445e-03  3.13296591e-02  1.20956359e-04  3.84549668e-04  2.00845817e+00  1.51778406e-01 
-2.54011870e-01 -3.54843747e+00  1.60426668e+00  2.83016421e+00  5.27448238e-02  9.25714343e-02  5.62947520e-01  2.17344324e-03  6.90793675e-03  1.51778406e-01  4.72364609e+00 
----------------------------------------------------------
Calculating nonlinear optimization step
Newton-Raphson step found (length 5.5659e-02)
#========================================================#
#| [95m  Mathematical Parameters (Current + Step = Next)   [0m |#
#========================================================#
   0 [  1.8473e-01 + 2.9046e-03 =  1.8763e-01 ] : ProperTorsions/Proper/k1/[#6X4:1]-[#6X4:2]-[#8X2H1:3]-[#1:4]
   1 [ -1.0132e-01 + 4.2620e-02 = -5.8700e-02 ] : ProperTorsions/Proper/k2/[#6X4:1]-[#6X4:2]-[#8X2H1:3]-[#1:4]
   2 [  4.9128e-02 + 6.6538e-03 =  5.5782e-02 ] : vdW/Atom/epsilon/[#1:1]-[#6X4]
   3 [  7.4628e-02 + 2.4662e-02 =  9.9290e-02 ] : vdW/Atom/rmin_half/[#1:1]-[#6X4]
   4 [  3.0699e-03 + 1.2790e-03 =  4.3489e-03 ] : vdW/Atom/epsilon/[#1:1]-[#6X4]-[#7,#8,#9,#16,#17,#35]
   5 [  5.6817e-03 + 1.7191e-03 =  7.4008e-03 ] : vdW/Atom/rmin_half/[#1:1]-[#6X4]-[#7,#8,#9,#16,#17,#35]
   6 [  6.3468e-03 - 9.1552e-03 = -2.8084e-03 ] : vdW/Atom/epsilon/[#1:1]-[#8]
   7 [  4.7987e-06 - 7.3289e-06 = -2.5302e-06 ] : vdW/Atom/epsilon/[#6X4:1]
   8 [  8.4078e-05 + 1.3369e-04 =  2.1777e-04 ] : vdW/Atom/rmin_half/[#6X4:1]
   9 [  3.4360e-03 + 1.6962e-03 =  5.1322e-03 ] : vdW/Atom/epsilon/[#8X2H1+0:1]
  10 [  6.8930e-02 + 2.3004e-02 =  9.1934e-02 ] : vdW/Atom/rmin_half/[#8X2H1+0:1]
----------------------------------------------------------
#========================================================#
#| [95m    Physical Parameters (Current + Step = Next)     [0m |#
#========================================================#
   0 [  3.4473e-01 + 2.9046e-03 =  3.4763e-01 ] : ProperTorsions/Proper/k1/[#6X4:1]-[#6X4:2]-[#8X2H1:3]-[#1:4]
   1 [  1.4868e-01 + 4.2620e-02 =  1.9130e-01 ] : ProperTorsions/Proper/k2/[#6X4:1]-[#6X4:2]-[#8X2H1:3]-[#1:4]
   2 [  2.0613e-02 + 6.6538e-04 =  2.1278e-02 ] : vdW/Atom/epsilon/[#1:1]-[#6X4]
   3 [  1.5616e+00 + 2.4662e-02 =  1.5863e+00 ] : vdW/Atom/rmin_half/[#1:1]-[#6X4]
   4 [  1.6007e-02 + 1.2790e-04 =  1.6135e-02 ] : vdW/Atom/epsilon/[#1:1]-[#6X4]-[#7,#8,#9,#16,#17,#35]
   5 [  1.3927e+00 + 1.7191e-03 =  1.3944e+00 ] : vdW/Atom/rmin_half/[#1:1]-[#6X4]-[#7,#8,#9,#16,#17,#35]
   6 [  6.8738e-04 - 6.8738e-04 =  0.0000e+00 ] : vdW/Atom/epsilon/[#1:1]-[#8]
   7 [  1.0940e-01 - 7.3289e-07 =  1.0940e-01 ] : vdW/Atom/epsilon/[#6X4:1]
   8 [  1.9081e+00 + 1.3369e-04 =  1.9082e+00 ] : vdW/Atom/rmin_half/[#6X4:1]
   9 [  2.1074e-01 + 1.6962e-04 =  2.1091e-01 ] : vdW/Atom/epsilon/[#8X2H1+0:1]
  10 [  1.7899e+00 + 2.3004e-02 =  1.8129e+00 ] : vdW/Atom/rmin_half/[#8X2H1+0:1]
----------------------------------------------------------
Input file with saved parameters: optimize.sav
#========================================================#
#| [94m     Iteration 2: Evaluating objective function     [0m |#
#| [94m        and derivatives through second order        [0m |#
#========================================================#
One job submitted to property estimator
22 jobs with +- perturbations and reweight submitted to property estimator

#===================================================================================================#
#| [1;94m                               ethanol-property-estimate density                               [0m |#
#| [1;94m Temperature  Pressure  Reference  Calculated +- Stdev     Delta    Weight    Denom     Term   [0m |#
#===================================================================================================#
     298.15K     1.0atm     1.000          1.030 +- 0.030     0.030   0.50000   1.00000   0.00045  
     328.15K     1.0atm     0.950          0.950 +- 0.040     0.000   0.50000   1.00000   0.00000  
-----------------------------------------------------------------------------------------------------

#===================================================================================================#
#| [1;94m                             ethanol-property-estimate dielectric                              [0m |#
#| [1;94m Temperature  Pressure  Reference  Calculated +- Stdev     Delta    Weight    Denom     Term   [0m |#
#===================================================================================================#
     298.15K     1.0atm     0.600          0.640 +- 0.040     0.040   0.50000   2.00000   0.00020  
     328.15K     1.0atm     0.400          0.440 +- 0.050     0.040   0.50000   2.00000   0.00020  
-----------------------------------------------------------------------------------------------------

#===================================================================================================#
#| [1;94m                                ethanol-property-estimate Hvap                                 [0m |#
#| [1;94m Temperature  Pressure  Reference  Calculated +- Stdev     Delta    Weight    Denom     Term   [0m |#
#===================================================================================================#
     298.15K     1.0atm     0.600          0.610 +- 0.060     0.010   0.50000   1.00000   0.00005  
     328.15K     1.0atm     0.400          0.430 +- 0.040     0.030   0.50000   1.00000   0.00045  
-----------------------------------------------------------------------------------------------------

#============================================================================================#
#|      Target: ethanol-torsiondrive  Type: AbInitio_SMIRNOFF  Objective = 5.52055e-02      |#
#|                    Difference   Denominator     Percent                                  |#
#|  Observable        (Calc-Ref)     RMS (Ref)   Difference       Term   x Wt =   Contrib.  |#
#============================================================================================#
    Energy (kJ/mol)       0.4328        1.8420     23.4958%     0.0552    1.000     0.0552 
----------------------------------------------------------------------------------------------
#===================================================================================#
#| [94m                         Objective Function Breakdown                          [0m |#
#| [94m  Target Name              Residual  x  Weight  =  Contribution (Current-Prev) [0m |#
#===================================================================================#
ethanol-property-estimate      0.00135      1.000 [92m     1.35000e-03[0m ( +0.000e+00 ) 
ethanol-torsiondrive           0.05521      1.000 [92m     5.52055e-02[0m ( -7.618e-03 ) 
Regularization                 0.06018      1.000 [91m     6.01816e-02[0m ( +2.963e-03 ) 
Total                                             [92m     1.16737e-01[0m ( -4.655e-03 ) 
-------------------------------------------------------------------------------------
Backing up result/optimize/smirnoff99Frosst.offxml -> result/optimize/smirnoff99Frosst_7.offxml
#========================================================================#
#|  The force field has been written to the result/optimize directory.  |#
#|    Input file with optimization parameters saved to optimize.sav.    |#
#========================================================================#

  Step       |k|        |dk|       |grad|       -=X2=-     Delta(X2)    StepQual
