#======================================================================#
#| [1m            Welcome to ForceBalance version 1.5.5! =D             [0m |#
#| [1m                 Force Field Optimization System                  [0m |#
#| [1m                                                                  [0m |#
#| [1m                             Authors:                             [0m |#
#| [1m                          Lee-Ping Wang                           [0m |#
#| [1m                  Keri A. McKiernan, Yudong Qiu                   [0m |#
#| [1m           Arthur Vigil, Erik G. Brandt, Johnny Israeli           [0m |#
#======================================================================#

                          [44m     [0m                                        
                       [44m        [0m      [43m     [0m                              
                    [44m        [0m   [44m  [0m    [43m         [0m                          
                 [44m       [0m    [44m      [0m      [43m         [0m                       
             [44m        [0m    [44m        [0m          [43m         [0m                    
          [44m        [0m    [44m        [0m                 [43m        [0m                 
       [44m        [0m    [44m       [0m                        [43m        [0m              
    [44m        [0m   [44m        [0m                              [43m         [0m          
   [44m      [0m   [44m        [0m               `.:+@@###@'          [43m         [0m       
    [44m [0m    [44m        [0m          ,;'+###############.             [43m     [0m       
      [44m        [0m         +################':`                    [43m [0m        
      [44m     [0m              `.,,...####+.                                  
                                ,#####      +##.               [44m   [0m   [44m   [0m
 [43m    [0m                            #####      ######             [44m   [0m   [44m   [0m
 [43m    [0m                ###'        ####'     :#####'             [44m   [0m   [44m   [0m
 [43m    [0m                :####@      ####.    ,####'               [44m   [0m   [44m   [0m
 [43m    [0m                 ######     ####    +###+                 [44m   [0m   [44m   [0m
 [43m    [0m                  #####     ####   ###;                   [44m   [0m   [44m   [0m
 [43m    [0m                   :##      ####  ++`                     [44m   [0m   [44m   [0m
 [43m    [0m                            ####``..:;+##############+`   [44m   [0m   [44m   [0m
 [43m    [0m             .,:;;'++##################################`  [44m   [0m   [44m   [0m
 [43m    [0m    `############################++++''';;;;;;;;;;;'';    [44m   [0m   [44m   [0m
 [43m    [0m      ,########':,.``       ####                          [44m   [0m   [44m   [0m
 [43m    [0m                            ####                          [44m   [0m   [44m   [0m
 [43m    [0m                            ####                          [44m   [0m   [44m   [0m
 [43m    [0m                            ####                          [44m   [0m   [44m   [0m
 [43m    [0m                            ####                          [44m   [0m   [44m   [0m
 [43m    [0m                            ####                          [44m   [0m   [44m   [0m
 [43m    [0m                            ####                          [44m   [0m   [44m   [0m
 [43m    [0m                            ####                          [44m   [0m   [44m   [0m
      [44m    [0m                       ####                                   
     [44m        [0m                    ####                                   
    [44m [0m    [44m       [0m                 ####                       [43m     [0m       
   [44m     [0m    [44m        [0m             ####                    [43m        [0m       
   [44m        [0m    [44m        [0m          ###                  [43m         [0m         
      [44m        [0m    [44m        [0m        +`               [43m        [0m             
          [44m        [0m   [44m        [0m                   [43m        [0m                
             [44m        [0m   [44m         [0m           [43m         [0m                   
                [44m        [0m    [44m       [0m      [43m         [0m                      
                   [44m        [0m    [44m   [0m    [43m        [0m                          
                      [44m        [0m       [43m      [0m                             
                          [44m      [0m      [43m  [0m                                
                             [44m  [0m                                         

Reading options from file: optimize.in
#========================================================#
#| [95m  Options at their default values are not printed   [0m |#
#| [95m        Use 'verbose_options True' to Enable        [0m |#
#========================================================#
Reading force field from file: smirnoff99Frosst.offxml
#=========================================================#
#| [92m Starting parameter indices, physical values and IDs [0m |#
#=========================================================#
   0 [  1.6000e-01 ] : PeriodicTorsionForce/Proper/k1/[#6X4:1]-[#6X4:2]-[#8X2H1:3]-[#1:4]
   1 [  2.5000e-01 ] : PeriodicTorsionForce/Proper/k2/[#6X4:1]-[#6X4:2]-[#8X2H1:3]-[#1:4]
   2 [  1.5700e-02 ] : NonbondedForce/Atom/epsilon/[#1:1]-[#6X4]
   3 [  1.4870e+00 ] : NonbondedForce/Atom/rmin_half/[#1:1]-[#6X4]
   4 [  1.5700e-02 ] : NonbondedForce/Atom/epsilon/[#1:1]-[#6X4]-[#7,#8,#9,#16,#17,#35]
   5 [  1.3870e+00 ] : NonbondedForce/Atom/rmin_half/[#1:1]-[#6X4]-[#7,#8,#9,#16,#17,#35]
   6 [  3.0000e-01 ] : NonbondedForce/Atom/epsilon/[#1:1]-[#8]
   7 [  1.0940e-01 ] : NonbondedForce/Atom/epsilon/[#6X4:1]
   8 [  1.9080e+00 ] : NonbondedForce/Atom/rmin_half/[#6X4:1]
   9 [  2.1040e-01 ] : NonbondedForce/Atom/epsilon/[#8X2H1+0:1]
  10 [  1.7210e+00 ] : NonbondedForce/Atom/rmin_half/[#8X2H1+0:1]
-----------------------------------------------------------
#=========================================================#
#| [91m Rescaling Factors by Type (Lower Takes Precedence): [0m |#
#=========================================================#
   PeriodicTorsionForce/Proper          : 2.50000e-01
   NonbondedForce/Atom                  : 1.90800e+00
   NonbondedForce/Atom/epsilon          : 1.00000e-01
   PeriodicTorsionForce/Proper/k        : 1.00000e+00
   NonbondedForce/Atom/rmin_half        : 1.00000e+00
-----------------------------------------------------------
#========================================================#
#| [91m   Rescaling Types / Factors by Parameter Number:   [0m |#
#========================================================#
   0 [    PeriodicTorsionForce/Proper/k  : 1.00000e+00 ] : PeriodicTorsionForce/Proper/k1/[#6X4:1]-[#6X4:2]-[#8X2H1:3]-[#1:4]
   1 [    PeriodicTorsionForce/Proper/k  : 1.00000e+00 ] : PeriodicTorsionForce/Proper/k2/[#6X4:1]-[#6X4:2]-[#8X2H1:3]-[#1:4]
   2 [    NonbondedForce/Atom/epsilon   : 1.00000e-01 ] : NonbondedForce/Atom/epsilon/[#1:1]-[#6X4]
   3 [    NonbondedForce/Atom/rmin_half  : 1.00000e+00 ] : NonbondedForce/Atom/rmin_half/[#1:1]-[#6X4]
   4 [    NonbondedForce/Atom/epsilon   : 1.00000e-01 ] : NonbondedForce/Atom/epsilon/[#1:1]-[#6X4]-[#7,#8,#9,#16,#17,#35]
   5 [    NonbondedForce/Atom/rmin_half  : 1.00000e+00 ] : NonbondedForce/Atom/rmin_half/[#1:1]-[#6X4]-[#7,#8,#9,#16,#17,#35]
   6 [    NonbondedForce/Atom/epsilon   : 1.00000e-01 ] : NonbondedForce/Atom/epsilon/[#1:1]-[#8]
   7 [    NonbondedForce/Atom/epsilon   : 1.00000e-01 ] : NonbondedForce/Atom/epsilon/[#6X4:1]
   8 [    NonbondedForce/Atom/rmin_half  : 1.00000e+00 ] : NonbondedForce/Atom/rmin_half/[#6X4:1]
   9 [    NonbondedForce/Atom/epsilon   : 1.00000e-01 ] : NonbondedForce/Atom/epsilon/[#8X2H1+0:1]
  10 [    NonbondedForce/Atom/rmin_half  : 1.00000e+00 ] : NonbondedForce/Atom/rmin_half/[#8X2H1+0:1]
----------------------------------------------------------
#========================================================#
#| [92m               Setup for force field                [0m |#
#========================================================#
fnms                      ['smirnoff99Frosst.offxml'] 
priors                    OrderedDict([('NonbondedForce/Atom/epsilon', 0.1), ('PeriodicTorsionForce/Proper/k', 1.0), ('NonbondedForce/Atom/rmin_half', 1.0)]) 
----------------------------------------------------------
Backing up: optimize.tmp/ethanol-liquid to: optimize.bak/ethanol-liquid_0.tar.bz2
/home/leeping/src/forcebalance/studies/017_smirnoff_ethanol/linear/targets/ethanol-liquid/ETH.mol2 -> /home/leeping/src/forcebalance/studies/017_smirnoff_ethanol/linear/optimize.tmp/ethanol-liquid/ETH.mol2
Autodetected 256 molecules with 9 atoms each in liquid coordinates
#========================================================#
#| [92m         Setup for target ethanol-liquid :          [0m |#
#========================================================#
force_cuda                0 
mts_integrator            0 
rpmd_beads                0 
mol2                      ['ETH.mol2'] 
liquid_coords             liquid.pdb 
gas_coords                gas.pdb 
nvt_coords                surf.pdb 
name                      ethanol-liquid 
type                      LIQUID_SMIRNOFF 
tgtdir                    targets/ethanol-liquid 
w_rho                     1.0 
w_hvap                    1.0 
w_alpha                   1.0 
w_kappa                   1.0 
w_cp                      1.0 
w_eps0                    1.0 
w_normalize               0 
liquid_eq_steps           50000 
liquid_md_steps           500000 
gas_eq_steps              2000000 
gas_md_steps              20000000 
liquid_timestep           2.0 
liquid_interval           1.0 
gas_timestep              0.5 
gas_interval              1.0 
adapt_errors              0 
minimize_energy           1 
self_pol_mu0              0.0 
self_pol_alpha            0.0 
anisotropic_box           0 
w_surf_ten                0.0 
nvt_eq_steps              10000 
nvt_md_steps              100000 
nvt_timestep              1.0 
nvt_interval              0.1 
pure_num_grad             0 
liquid_fdiff_h            0.01 
rho_denom                 30.0 
hvap_denom                3.0 
alpha_denom               1.0 
kappa_denom               5.0 
cp_denom                  2.0 
eps0_denom                2.0 
use_cvib_intra            False 
use_cvib_inter            False 
use_cni                   False 
----------------------------------------------------------
Backing up: optimize.tmp/ethanol-torsiondrive to: optimize.bak/ethanol-torsiondrive_2.tar.bz2
/home/leeping/src/forcebalance/studies/017_smirnoff_ethanol/linear/targets/ethanol-torsiondrive/ETH.mol2 -> /home/leeping/src/forcebalance/studies/017_smirnoff_ethanol/linear/optimize.tmp/ethanol-torsiondrive/ETH.mol2
QM forces are not present, only fitting energies.
#========================================================#
#| [92m      Setup for target ethanol-torsiondrive :       [0m |#
#========================================================#
pdb                       gas.pdb 
mol2                      ['ETH.mol2'] 
coords                    scan.xyz 
precision                 double 
platname                  CUDA 
name                      ethanol-torsiondrive 
type                      ABINITIO_SMIRNOFF 
tgtdir                    targets/ethanol-torsiondrive 
writelevel                1 
shots                     24 
----------------------------------------------------------
Using parabolic regularization (Gaussian prior) with strength 1.0e+00 (+), 0.0e+00 (x)
#========================================================#
#| [92m           Setup for objective function :           [0m |#
#========================================================#
penalty_additive          1.0 
normalize_weights         False 
----------------------------------------------------------
#========================================================#
#| [92m                Setup for optimizer                 [0m |#
#========================================================#
jobtype                   OPTIMIZE 
trust0                    0.25 
mintrust                  0.05 
eps                       0.01 
convergence_objective     0.1 
convergence_step          0.1 
convergence_gradient      0.1 
adapt_fac                 0.2 
adapt_damp                1.0 
print_hess                True 
err_tol                   1.0 
input_file                optimize.in 
----------------------------------------------------------
#========================================================#
#| [1m                  Main Optimizer                    [0m |#
#| [1m   Newton-Raphson Method (Adaptive Trust Radius)    [0m |#
#| [1m                                                    [0m |#
#| [1m       [0mConvergence criteria (1 of 3 needed):        [0m |#
#| [1m          [0mObjective Function  : 1.000e-01           [0m |#
#| [1m          [0mNorm of Gradient    : 1.000e-01           [0m |#
#| [1m          [0mParameter step size : 1.000e-01           [0m |#
#========================================================#
#========================================================================#
#|               Color Key for Objective Function -=X2=-                |#
#|  [1mBold[0m = Initial step                                                 |#
#|  [92mGreen = Current lowest value of objective function (best estimate)[0m  |#
#|  [91mRed = Objective function rises, step rejected[0m                       |#
#|  [0mNo color = Not at the lowest value                                  |#
#========================================================================#
#========================================================#
#| [94m     Iteration 0: Evaluating objective function     [0m |#
#| [94m        and derivatives through second order        [0m |#
#========================================================#
#========================================================#
#|  Target: ethanol-liquid - launching MD simulations   |#
#|         Time steps: 50000 (eq) + 500000 (md)         |#
#========================================================#
Running condensed phase simulation locally.
You may tail -f /home/leeping/src/forcebalance/studies/017_smirnoff_ethanol/linear/optimize.tmp/ethanol-liquid/iter_0000/298.15K-1.0atm/npt.out in another terminal window
Executing process: [92mbash runcuda.sh python npt.py smirnoff 298.150 1.000[0m Output: npt.out
Running condensed phase simulation locally.
You may tail -f /home/leeping/src/forcebalance/studies/017_smirnoff_ethanol/linear/optimize.tmp/ethanol-liquid/iter_0000/320.03K-1.0atm/npt.out in another terminal window
Executing process: [92mbash runcuda.sh python npt.py smirnoff 320.030 1.000[0m Output: npt.out
Reading information from ./298.15K-1.0atm/npt_result.p
Reading information from ./320.03K-1.0atm/npt_result.p
Weights have been renormalized to 1.0
Physical quantity Density uses denominator =  30.0000
Weights have been renormalized to 1.0
Physical quantity H_vap uses denominator =  3.0000
#==========================================================================================#
#| [1;94m                          ethanol-liquid Density (kg m^-3)                            [0m |#
#| [1;94m Temperature  Pressure  Reference  Calculated +- Stdev     Delta    Weight    Term    [0m |#
#==========================================================================================#
      298.15      1.0 atm   785.000      798.134 +- 0.642    13.134   0.50000   0.09584 
      320.03      1.0 atm   766.000      775.046 +- 0.723     9.046   0.50000   0.04546 
--------------------------------------------------------------------------------------------
#========================================================#
#| [92m  Density objective function:  0.141, Derivative:   [0m |#
#========================================================#
   0 [  5.1703e-02 ] : PeriodicTorsionForce/Proper/k1/[#6X4:1]-[#6X4:2]-[#8X2H1:3]-[#1:4]
   1 [  5.2079e-03 ] : PeriodicTorsionForce/Proper/k2/[#6X4:1]-[#6X4:2]-[#8X2H1:3]-[#1:4]
   2 [  3.0861e+00 ] : NonbondedForce/Atom/epsilon/[#1:1]-[#6X4]
   3 [ -1.0560e+01 ] : NonbondedForce/Atom/rmin_half/[#1:1]-[#6X4]
   4 [  1.9721e+00 ] : NonbondedForce/Atom/epsilon/[#1:1]-[#6X4]-[#7,#8,#9,#16,#17,#35]
   5 [ -5.5170e+00 ] : NonbondedForce/Atom/rmin_half/[#1:1]-[#6X4]-[#7,#8,#9,#16,#17,#35]
   6 [  4.7188e-02 ] : NonbondedForce/Atom/epsilon/[#1:1]-[#8]
   7 [  3.8700e+00 ] : NonbondedForce/Atom/epsilon/[#6X4:1]
   8 [  2.1244e+00 ] : NonbondedForce/Atom/rmin_half/[#6X4:1]
   9 [  4.0703e-01 ] : NonbondedForce/Atom/epsilon/[#8X2H1+0:1]
  10 [ -9.2123e+00 ] : NonbondedForce/Atom/rmin_half/[#8X2H1+0:1]
----------------------------------------------------------
#==========================================================================================#
#| [1;94m                 ethanol-liquid Enthalpy of Vaporization (kJ mol^-1)                  [0m |#
#| [1;94m Temperature  Pressure  Reference  Calculated +- Stdev     Delta    Weight    Term    [0m |#
#==========================================================================================#
      298.15      1.0 atm    42.300       35.809 +- 0.187    -6.491   0.50000   2.34094 
      320.03      1.0 atm    41.000       34.183 +- 0.217    -6.817   0.50000   2.58147 
--------------------------------------------------------------------------------------------
#======================================================================#
#| [92m Enthalpy of Vaporization objective function:  4.922, Derivative: [0m |#
#======================================================================#
   0 [ -2.7419e-01 ] : PeriodicTorsionForce/Proper/k1/[#6X4:1]-[#6X4:2]-[#8X2H1:3]-[#1:4]
   1 [  2.8082e+00 ] : PeriodicTorsionForce/Proper/k2/[#6X4:1]-[#6X4:2]-[#8X2H1:3]-[#1:4]
   2 [ -3.9576e+01 ] : NonbondedForce/Atom/epsilon/[#1:1]-[#6X4]
   3 [  1.1799e+01 ] : NonbondedForce/Atom/rmin_half/[#1:1]-[#6X4]
   4 [ -2.3114e+01 ] : NonbondedForce/Atom/epsilon/[#1:1]-[#6X4]-[#7,#8,#9,#16,#17,#35]
   5 [  6.4965e+00 ] : NonbondedForce/Atom/rmin_half/[#1:1]-[#6X4]-[#7,#8,#9,#16,#17,#35]
   6 [ -5.6655e-01 ] : NonbondedForce/Atom/epsilon/[#1:1]-[#8]
   7 [ -2.2293e+01 ] : NonbondedForce/Atom/epsilon/[#6X4:1]
   8 [ -3.7228e+01 ] : NonbondedForce/Atom/rmin_half/[#6X4:1]
   9 [  2.2273e-01 ] : NonbondedForce/Atom/epsilon/[#8X2H1+0:1]
  10 [  1.2184e+02 ] : NonbondedForce/Atom/rmin_half/[#8X2H1+0:1]
------------------------------------------------------------------------
#====================================================================#
#| [94m           ethanol-liquid Condensed Phase Properties:           [0m |#
#| [94m  Property Name                Residual x Weight = Contribution [0m |#
#====================================================================#
Density                            0.14130    1.000    1.41302e-01 
Enthalpy of Vaporization           4.92241    1.000    4.92241e+00 
Total                                                  5.06371e+00 
----------------------------------------------------------------------

#============================================================================================#
#|      Target: ethanol-torsiondrive  Type: AbInitio_SMIRNOFF  Objective = 1.26640e+00      |#
#|                    Difference   Denominator     Percent                                  |#
#|  Observable        (Calc-Ref)     RMS (Ref)   Difference       Term   x Wt =   Contrib.  |#
#============================================================================================#
    Energy (kJ/mol)       2.0729        1.8420    112.5345%     1.2664    1.000     1.2664 
----------------------------------------------------------------------------------------------
#====================================================================#
#| [94m                  Objective Function Breakdown                  [0m |#
#| [94m  Target Name              Residual  x  Weight  =  Contribution [0m |#
#====================================================================#
ethanol-liquid                 5.06371      1.000 [94m     5.06371e+00[0m 
ethanol-torsiondrive           1.26640      1.000 [94m     1.26640e+00[0m 
Regularization                 0.00000      1.000 [94m     0.00000e+00[0m 
Total                                             [94m     6.33011e+00[0m 
----------------------------------------------------------------------

  Step       |k|        |dk|       |grad|       -=X2=-     Delta(X2)    StepQual
     0   0.000e+00   0.000e+00   1.260e+02[1m   6.33011e+00[0m  -0.000e+00      0.000

#========================================================#
#| [94m                   Total Gradient                   [0m |#
#========================================================#
   0 [ -1.53842505e+00 ] : PeriodicTorsionForce/Proper/k1/[#6X4:1]-[#6X4:2]-[#8X2H1:3]-[#1:4]
   1 [  6.12088452e+00 ] : PeriodicTorsionForce/Proper/k2/[#6X4:1]-[#6X4:2]-[#8X2H1:3]-[#1:4]
   2 [ -3.73723916e+01 ] : NonbondedForce/Atom/epsilon/[#1:1]-[#6X4]
   3 [ -8.21442883e-02 ] : NonbondedForce/Atom/rmin_half/[#1:1]-[#6X4]
   4 [ -2.11496299e+01 ] : NonbondedForce/Atom/epsilon/[#1:1]-[#6X4]-[#7,#8,#9,#16,#17,#35]
   5 [  9.53856035e-01 ] : NonbondedForce/Atom/rmin_half/[#1:1]-[#6X4]-[#7,#8,#9,#16,#17,#35]
   6 [ -5.29846448e-01 ] : NonbondedForce/Atom/epsilon/[#1:1]-[#8]
   7 [ -1.84457665e+01 ] : NonbondedForce/Atom/epsilon/[#6X4:1]
   8 [ -3.52382024e+01 ] : NonbondedForce/Atom/rmin_half/[#6X4:1]
   9 [  5.70539526e-01 ] : NonbondedForce/Atom/epsilon/[#8X2H1+0:1]
  10 [  1.11434468e+02 ] : NonbondedForce/Atom/rmin_half/[#8X2H1+0:1]
----------------------------------------------------------
#========================================================#
#| [94m                   Total Hessian                    [0m |#
#========================================================#
 7.19443748e+00 -4.91586284e-02  1.50736239e+00 -2.09378593e+00  9.14151967e-01 -1.09015998e+00  1.99418158e-02  1.20499793e+00  1.23893722e+00  6.18305882e-02 -4.63431396e+00 
-4.91586284e-02  8.00455563e+00 -1.27230288e+01  1.70265053e+00 -6.73686384e+00  1.89955872e+00 -1.84031077e-01 -6.55286527e+00 -1.11085337e+01 -2.04106842e-02  3.37829339e+01 
 1.50736239e+00 -1.27230288e+01  1.96500784e+02 -1.66304905e+02  1.15830930e+02 -8.76887171e+01  2.83011221e+00  1.33584804e+02  1.74695451e+02  3.61972927e+00 -5.96543961e+02 
-2.09378593e+00  1.70265053e+00 -1.66304905e+02  4.24884721e+02 -1.05786718e+02  2.18244952e+02 -2.54708811e+00 -1.76787048e+02 -1.29935217e+02 -1.50275211e+01  5.13029046e+02 
 9.14151967e-01 -6.73686384e+00  1.15830930e+02 -1.05786718e+02  7.14875784e+01 -5.51723805e+01  1.69601927e+00  8.11573927e+01  1.04210181e+02  2.35963576e+00 -3.57598270e+02 
-1.09015998e+00  1.89955872e+00 -8.76887171e+01  2.18244952e+02 -5.51723805e+01  1.15377897e+02 -1.33078738e+00 -9.20281353e+01 -6.79730231e+01 -7.83897339e+00  2.67342988e+02 
 1.99418158e-02 -1.84031077e-01  2.83011221e+00 -2.54708811e+00  1.69601927e+00 -1.33078738e+00  2.04153829e+00  1.97515530e+00  2.55157865e+00  5.62441504e-02 -8.73455522e+00 
 1.20499793e+00 -6.55286527e+00  1.33584804e+02 -1.76787048e+02  8.11573927e+01 -9.20281353e+01  1.97515530e+00  1.07731227e+02  1.15878624e+02  5.12083065e+00 -4.11108309e+02 
 1.23893722e+00 -1.11085337e+01  1.74695451e+02 -1.29935217e+02  1.04210181e+02 -6.79730231e+01  2.55157865e+00  1.15878624e+02  1.61664963e+02  2.26497937e+00 -5.40226516e+02 
 6.18305882e-02 -2.04106842e-02  3.61972927e+00 -1.50275211e+01  2.35963576e+00 -7.83897339e+00  5.62441504e-02  5.12083065e+00  2.26497937e+00  2.59503320e+00 -1.06578782e+01 
-4.63431396e+00  3.37829339e+01 -5.96543961e+02  5.13029046e+02 -3.57598270e+02  2.67342988e+02 -8.73455522e+00 -4.11108309e+02 -5.40226516e+02 -1.06578782e+01  1.84798695e+03 
----------------------------------------------------------
Calculating nonlinear optimization step
Finding trust radius: H+0.0000*I, length 4.8984e-01 (target 2.5000e-01)
Finding trust radius: H+9.0000*I, length 2.5480e-01 (target 2.5000e-01)
Finding trust radius: H+61.6869*I, length 1.2179e-01 (target 2.5000e-01)
Finding trust radius: H+9.0000*I, length 2.5480e-01 (target 2.5000e-01)
Finding trust radius: H+23.5623*I, length 1.6904e-01 (target 2.5000e-01)
Finding trust radius: H+3.4377*I, length 3.5401e-01 (target 2.5000e-01)
Finding trust radius: H+12.3822*I, length 2.2260e-01 (target 2.5000e-01)
Finding trust radius: H+7.9388*I, length 2.6802e-01 (target 2.5000e-01)
Finding trust radius: H+9.6009*I, length 2.4808e-01 (target 2.5000e-01)
Finding trust radius: H+9.4140*I, length 2.5012e-01 (target 2.5000e-01)
Finding trust radius: H+9.4274*I, length 2.4997e-01 (target 2.5000e-01)
Finding trust radius: H+9.4249*I, length 2.5000e-01 (target 2.5000e-01)
Finding trust radius: H+9.4248*I, length 2.5000e-01 (target 2.5000e-01)
Finding trust radius: H+9.4248*I, length 2.5000e-01 (target 2.5000e-01)
Finding trust radius: H+9.4248*I, length 2.5000e-01 (target 2.5000e-01)
Trust-radius step found (length 2.5000e-01),  9.4248e+00 added to Hessian diagonal
#========================================================#
#| [95m  Mathematical Parameters (Current + Step = Next)   [0m |#
#========================================================#
   0 [  0.0000e+00 + 8.1284e-02 =  8.1284e-02 ] : PeriodicTorsionForce/Proper/k1/[#6X4:1]-[#6X4:2]-[#8X2H1:3]-[#1:4]
   1 [  0.0000e+00 - 1.8483e-01 = -1.8483e-01 ] : PeriodicTorsionForce/Proper/k2/[#6X4:1]-[#6X4:2]-[#8X2H1:3]-[#1:4]
   2 [  0.0000e+00 + 9.1357e-02 =  9.1357e-02 ] : NonbondedForce/Atom/epsilon/[#1:1]-[#6X4]
   3 [  0.0000e+00 + 9.8537e-02 =  9.8537e-02 ] : NonbondedForce/Atom/rmin_half/[#1:1]-[#6X4]
   4 [  0.0000e+00 + 2.0159e-02 =  2.0159e-02 ] : NonbondedForce/Atom/epsilon/[#1:1]-[#6X4]-[#7,#8,#9,#16,#17,#35]
   5 [  0.0000e+00 + 8.1349e-03 =  8.1349e-03 ] : NonbondedForce/Atom/rmin_half/[#1:1]-[#6X4]-[#7,#8,#9,#16,#17,#35]
   6 [  0.0000e+00 + 1.0080e-03 =  1.0080e-03 ] : NonbondedForce/Atom/epsilon/[#1:1]-[#8]
   7 [  0.0000e+00 + 1.5168e-02 =  1.5168e-02 ] : NonbondedForce/Atom/epsilon/[#6X4:1]
   8 [  0.0000e+00 + 4.0470e-02 =  4.0470e-02 ] : NonbondedForce/Atom/rmin_half/[#6X4:1]
   9 [  0.0000e+00 + 2.4193e-03 =  2.4193e-03 ] : NonbondedForce/Atom/epsilon/[#8X2H1+0:1]
  10 [  0.0000e+00 - 3.6449e-02 = -3.6449e-02 ] : NonbondedForce/Atom/rmin_half/[#8X2H1+0:1]
----------------------------------------------------------
#========================================================#
#| [95m    Physical Parameters (Current + Step = Next)     [0m |#
#========================================================#
   0 [  1.6000e-01 + 8.1284e-02 =  2.4128e-01 ] : PeriodicTorsionForce/Proper/k1/[#6X4:1]-[#6X4:2]-[#8X2H1:3]-[#1:4]
   1 [  2.5000e-01 - 1.8483e-01 =  6.5172e-02 ] : PeriodicTorsionForce/Proper/k2/[#6X4:1]-[#6X4:2]-[#8X2H1:3]-[#1:4]
   2 [  1.5700e-02 + 9.1357e-03 =  2.4836e-02 ] : NonbondedForce/Atom/epsilon/[#1:1]-[#6X4]
   3 [  1.4870e+00 + 9.8537e-02 =  1.5855e+00 ] : NonbondedForce/Atom/rmin_half/[#1:1]-[#6X4]
   4 [  1.5700e-02 + 2.0159e-03 =  1.7716e-02 ] : NonbondedForce/Atom/epsilon/[#1:1]-[#6X4]-[#7,#8,#9,#16,#17,#35]
   5 [  1.3870e+00 + 8.1349e-03 =  1.3951e+00 ] : NonbondedForce/Atom/rmin_half/[#1:1]-[#6X4]-[#7,#8,#9,#16,#17,#35]
   6 [  3.0000e-01 + 1.0080e-04 =  3.0010e-01 ] : NonbondedForce/Atom/epsilon/[#1:1]-[#8]
   7 [  1.0940e-01 + 1.5168e-03 =  1.1092e-01 ] : NonbondedForce/Atom/epsilon/[#6X4:1]
   8 [  1.9080e+00 + 4.0470e-02 =  1.9485e+00 ] : NonbondedForce/Atom/rmin_half/[#6X4:1]
   9 [  2.1040e-01 + 2.4193e-04 =  2.1064e-01 ] : NonbondedForce/Atom/epsilon/[#8X2H1+0:1]
  10 [  1.7210e+00 - 3.6449e-02 =  1.6846e+00 ] : NonbondedForce/Atom/rmin_half/[#8X2H1+0:1]
----------------------------------------------------------
Backing up optimize.sav -> optimize.bak/optimize_3.sav
Input file with saved parameters: optimize.sav
#========================================================#
#| [94m     Iteration 1: Evaluating objective function     [0m |#
#| [94m        and derivatives through second order        [0m |#
#========================================================#
#========================================================#
#|  Target: ethanol-liquid - launching MD simulations   |#
#|         Time steps: 50000 (eq) + 500000 (md)         |#
#========================================================#
Running condensed phase simulation locally.
You may tail -f /home/leeping/src/forcebalance/studies/017_smirnoff_ethanol/linear/optimize.tmp/ethanol-liquid/iter_0001/298.15K-1.0atm/npt.out in another terminal window
Executing process: [92mbash runcuda.sh python npt.py smirnoff 298.150 1.000[0m Output: npt.out
Running condensed phase simulation locally.
You may tail -f /home/leeping/src/forcebalance/studies/017_smirnoff_ethanol/linear/optimize.tmp/ethanol-liquid/iter_0001/320.03K-1.0atm/npt.out in another terminal window
Executing process: [92mbash runcuda.sh python npt.py smirnoff 320.030 1.000[0m Output: npt.out
Reading information from ./298.15K-1.0atm/npt_result.p
Reading information from ./320.03K-1.0atm/npt_result.p
Weights have been renormalized to 1.0
Physical quantity Density uses denominator =  30.0000
Weights have been renormalized to 1.0
Physical quantity H_vap uses denominator =  3.0000
#==========================================================================================#
#| [1;94m                          ethanol-liquid Density (kg m^-3)                            [0m |#
#| [1;94m Temperature  Pressure  Reference  Calculated +- Stdev     Delta    Weight    Term    [0m |#
#==========================================================================================#
      298.15      1.0 atm   785.000      783.856 +- 0.570    -1.144   0.50000   0.00073 
      320.03      1.0 atm   766.000      764.036 +- 0.704    -1.964   0.50000   0.00214 
--------------------------------------------------------------------------------------------
#========================================================#
#| [92m  Density objective function:  0.003, Derivative:   [0m |#
#========================================================#
   0 [  8.0673e-03 ] : PeriodicTorsionForce/Proper/k1/[#6X4:1]-[#6X4:2]-[#8X2H1:3]-[#1:4]
   1 [ -2.5407e-02 ] : PeriodicTorsionForce/Proper/k2/[#6X4:1]-[#6X4:2]-[#8X2H1:3]-[#1:4]
   2 [ -2.9109e-01 ] : NonbondedForce/Atom/epsilon/[#1:1]-[#6X4]
   3 [  1.5737e+00 ] : NonbondedForce/Atom/rmin_half/[#1:1]-[#6X4]
   4 [ -1.8072e-01 ] : NonbondedForce/Atom/epsilon/[#1:1]-[#6X4]-[#7,#8,#9,#16,#17,#35]
   5 [  6.8243e-01 ] : NonbondedForce/Atom/rmin_half/[#1:1]-[#6X4]-[#7,#8,#9,#16,#17,#35]
   6 [ -5.3795e-03 ] : NonbondedForce/Atom/epsilon/[#1:1]-[#8]
   7 [ -4.2968e-01 ] : NonbondedForce/Atom/epsilon/[#6X4:1]
   8 [ -1.7404e-01 ] : NonbondedForce/Atom/rmin_half/[#6X4:1]
   9 [ -3.2904e-02 ] : NonbondedForce/Atom/epsilon/[#8X2H1+0:1]
  10 [  1.1846e+00 ] : NonbondedForce/Atom/rmin_half/[#8X2H1+0:1]
----------------------------------------------------------
#==========================================================================================#
#| [1;94m                 ethanol-liquid Enthalpy of Vaporization (kJ mol^-1)                  [0m |#
#| [1;94m Temperature  Pressure  Reference  Calculated +- Stdev     Delta    Weight    Term    [0m |#
#==========================================================================================#
      298.15      1.0 atm    42.300       42.326 +- 0.197     0.026   0.50000   0.00004 
      320.03      1.0 atm    41.000       40.563 +- 0.197    -0.437   0.50000   0.01063 
--------------------------------------------------------------------------------------------
#======================================================================#
#| [92m Enthalpy of Vaporization objective function:  0.011, Derivative: [0m |#
#======================================================================#
   0 [ -2.4497e-04 ] : PeriodicTorsionForce/Proper/k1/[#6X4:1]-[#6X4:2]-[#8X2H1:3]-[#1:4]
   1 [  4.1558e-02 ] : PeriodicTorsionForce/Proper/k2/[#6X4:1]-[#6X4:2]-[#8X2H1:3]-[#1:4]
   2 [ -1.0525e+00 ] : NonbondedForce/Atom/epsilon/[#1:1]-[#6X4]
   3 [  3.9819e-01 ] : NonbondedForce/Atom/rmin_half/[#1:1]-[#6X4]
   4 [ -7.2385e-01 ] : NonbondedForce/Atom/epsilon/[#1:1]-[#6X4]-[#7,#8,#9,#16,#17,#35]
   5 [  1.0344e-01 ] : NonbondedForce/Atom/rmin_half/[#1:1]-[#6X4]-[#7,#8,#9,#16,#17,#35]
   6 [ -1.6397e-02 ] : NonbondedForce/Atom/epsilon/[#1:1]-[#8]
   7 [ -6.9029e-01 ] : NonbondedForce/Atom/epsilon/[#6X4:1]
   8 [ -1.2175e+00 ] : NonbondedForce/Atom/rmin_half/[#6X4:1]
   9 [  3.5345e-03 ] : NonbondedForce/Atom/epsilon/[#8X2H1+0:1]
  10 [  3.5666e+00 ] : NonbondedForce/Atom/rmin_half/[#8X2H1+0:1]
------------------------------------------------------------------------
#====================================================================#
#| [94m           ethanol-liquid Condensed Phase Properties:           [0m |#
#| [94m  Property Name                Residual x Weight = Contribution [0m |#
#====================================================================#
Density                            0.00287    1.000    2.86887e-03 
Enthalpy of Vaporization           0.01067    1.000    1.06701e-02 
Total                                                  1.35390e-02 
----------------------------------------------------------------------

#============================================================================================#
#|      Target: ethanol-torsiondrive  Type: AbInitio_SMIRNOFF  Objective = 5.15969e-01      |#
#|                    Difference   Denominator     Percent                                  |#
#|  Observable        (Calc-Ref)     RMS (Ref)   Difference       Term   x Wt =   Contrib.  |#
#============================================================================================#
    Energy (kJ/mol)       1.3231        1.8420     71.8310%     0.5160    1.000     0.5160 
----------------------------------------------------------------------------------------------
#===================================================================================#
#| [94m                         Objective Function Breakdown                          [0m |#
#| [94m  Target Name              Residual  x  Weight  =  Contribution (Current-Prev) [0m |#
#===================================================================================#
ethanol-liquid                 0.01354      1.000 [92m     1.35390e-02[0m ( -5.050e+00 ) 
ethanol-torsiondrive           0.51597      1.000 [92m     5.15969e-01[0m ( -7.504e-01 ) 
Regularization                 0.06250      1.000 [91m     6.25000e-02[0m ( +6.250e-02 ) 
Total                                             [92m     5.92008e-01[0m ( -5.738e+00 ) 
-------------------------------------------------------------------------------------
Backing up result/optimize/smirnoff99Frosst.offxml -> result/optimize/smirnoff99Frosst_11.offxml
#========================================================================#
#|  The force field has been written to the result/optimize directory.  |#
#|    Input file with optimization parameters saved to optimize.sav.    |#
#========================================================================#

  Step       |k|        |dk|       |grad|       -=X2=-     Delta(X2)    StepQual
     1   2.500e-01   2.500e-01   4.889e+00[92m   5.92008e-01[0m  -5.738e+00      1.002

#========================================================#
#| [94m                   Total Gradient                   [0m |#
#========================================================#
   0 [ -7.43733613e-01 ] : PeriodicTorsionForce/Proper/k1/[#6X4:1]-[#6X4:2]-[#8X2H1:3]-[#1:4]
   1 [  1.69029993e+00 ] : PeriodicTorsionForce/Proper/k2/[#6X4:1]-[#6X4:2]-[#8X2H1:3]-[#1:4]
   2 [ -1.75964828e+00 ] : NonbondedForce/Atom/epsilon/[#1:1]-[#6X4]
   3 [  8.29818874e-01 ] : NonbondedForce/Atom/rmin_half/[#1:1]-[#6X4]
   4 [ -8.91004980e-01 ] : NonbondedForce/Atom/epsilon/[#1:1]-[#6X4]-[#7,#8,#9,#16,#17,#35]
   5 [  7.47877121e-01 ] : NonbondedForce/Atom/rmin_half/[#1:1]-[#6X4]-[#7,#8,#9,#16,#17,#35]
   6 [ -2.82448122e-02 ] : NonbondedForce/Atom/epsilon/[#1:1]-[#8]
   7 [ -1.10501921e+00 ] : NonbondedForce/Atom/epsilon/[#6X4:1]
   8 [ -1.39826035e+00 ] : NonbondedForce/Atom/rmin_half/[#6X4:1]
   9 [ -8.68059251e-02 ] : NonbondedForce/Atom/epsilon/[#8X2H1+0:1]
  10 [  3.48871062e+00 ] : NonbondedForce/Atom/rmin_half/[#8X2H1+0:1]
----------------------------------------------------------
#========================================================#
#| [94m                   Total Hessian                    [0m |#
#========================================================#
 7.25913399e+00  2.33105160e-02 -2.90710378e+00  2.84828899e+00 -1.73356458e+00  1.32892874e+00 -4.27309804e-02 -2.07381187e+00 -2.58374935e+00  4.63151251e-02  1.06105466e+01 
 2.33105160e-02  7.74309663e+00 -6.59080034e+00 -9.92566634e+00 -3.23028409e+00 -2.72606088e+00 -9.55280165e-02 -1.89502933e+00 -6.46920631e+00  1.49985442e-01  1.40264746e+01 
-2.90710378e+00 -6.59080034e+00  1.56408094e+02 -1.12634565e+02  9.79183346e+01 -4.87586026e+01  2.33331627e+00  1.07071327e+02  1.56783844e+02 -1.90425182e+00 -5.55810457e+02 
 2.84828899e+00 -9.92566634e+00 -1.12634565e+02  4.54018781e+02 -7.22068844e+01  1.92521062e+02 -1.95939441e+00 -1.40108437e+02 -8.29269980e+01 -8.12677323e+00  4.51489890e+02 
-1.73356458e+00 -3.23028409e+00  9.79183346e+01 -7.22068844e+01  6.45062377e+01 -3.06388170e+01  1.48183450e+00  6.81406599e+01  1.00043539e+02 -1.18696917e+00 -3.53517296e+02 
 1.32892874e+00 -2.72606088e+00 -4.87586026e+01  1.92521062e+02 -3.06388170e+01  8.50281663e+01 -8.46169009e-01 -6.00163274e+01 -3.53662665e+01 -3.49716190e+00  1.92919624e+02 
-4.27309804e-02 -9.55280165e-02  2.33331627e+00 -1.95939441e+00  1.48183450e+00 -8.46169009e-01  2.03554928e+00  1.66301513e+00  2.35558396e+00 -2.02185868e-02 -8.40866982e+00 
-2.07381187e+00 -1.89502933e+00  1.07071327e+02 -1.40108437e+02  6.81406599e+01 -6.00163274e+01  1.66301513e+00  8.67022255e+01  1.03753357e+02  3.06834589e-01 -3.93027186e+02 
-2.58374935e+00 -6.46920631e+00  1.56783844e+02 -8.29269980e+01  1.00043539e+02 -3.53662665e+01  2.35558396e+00  1.03753357e+02  1.65488698e+02 -2.63375158e+00 -5.60922180e+02 
 4.63151251e-02  1.49985442e-01 -1.90425182e+00 -8.12677323e+00 -1.18696917e+00 -3.49716190e+00 -2.02185868e-02  3.06834589e-01 -2.63375158e+00  2.33365390e+00  6.67461056e+00 
 1.06105466e+01  1.40264746e+01 -5.55810457e+02  4.51489890e+02 -3.53517296e+02  1.92919624e+02 -8.40866982e+00 -3.93027186e+02 -5.60922180e+02  6.67461056e+00  2.02715098e+03 
----------------------------------------------------------
Increasing trust radius to  3.0000e-01
Calculating nonlinear optimization step
Newton-Raphson step found (length 2.4284e-01)
#========================================================#
#| [95m  Mathematical Parameters (Current + Step = Next)   [0m |#
#========================================================#
   0 [  8.1284e-02 + 1.0468e-01 =  1.8596e-01 ] : PeriodicTorsionForce/Proper/k1/[#6X4:1]-[#6X4:2]-[#8X2H1:3]-[#1:4]
   1 [ -1.8483e-01 - 1.9518e-01 = -3.8001e-01 ] : PeriodicTorsionForce/Proper/k2/[#6X4:1]-[#6X4:2]-[#8X2H1:3]-[#1:4]
   2 [  9.1357e-02 + 7.6229e-02 =  1.6759e-01 ] : NonbondedForce/Atom/epsilon/[#1:1]-[#6X4]
   3 [  9.8537e-02 + 4.0911e-03 =  1.0263e-01 ] : NonbondedForce/Atom/rmin_half/[#1:1]-[#6X4]
   4 [  2.0159e-02 + 3.4042e-02 =  5.4201e-02 ] : NonbondedForce/Atom/epsilon/[#1:1]-[#6X4]-[#7,#8,#9,#16,#17,#35]
