[1;97m Welcome to ForceBalance version 0.12! =D[0m
Reading options from file: 01_bfgs_from_start.in
Reading force field from file: water.itp

###########################################################
###[92m Starting parameter indices, physical values and IDs [0m###
###########################################################
   0 [  3.1537e-01 ] : VDWSOW
   1 [  6.4852e-01 ] : VDWTOW
   2 [  9.5720e-02 ] : BONDSBHWOW
   3 [  5.0242e+05 ] : BONDSKHWOW
   4 [  1.0452e+02 ] : ANGLESBHWOWHW
   5 [  6.2802e+02 ] : ANGLESKHWOWHW
   6 [  5.2000e-01 ] : COULHW1 COULHW2
   7 [ -1.0400e+00 ] : COULMW
   8 [  1.2800e-01 ] : VSITE3B4 VSITE3A4
-----------------------------------------------------------

##########################################################
###[91m    Rescaling Factors (Lower Takes Precedence):     [0m###
##########################################################
   BONDSB                               : 5.29177e-02
   BONDSK                               : 9.37583e+05
   VSITE3A                              : 5.29177e-02
   VSITE3B                              : 5.29177e-02
   ANGLESB                              : 5.72958e+01
   VDWS                                 : 5.29177e-02
   ANGLESK                              : 6.05928e+02
   COUL                                 : 1.00000e+00
   VDWT                                 : 2.47894e+00
----------------------------------------------------------
Backing up: temp/water12_sixpt to: backups/water12_sixpt.125.tar.bz2

##########################################################
###[92m    Setup for fitting simulation water12_sixpt :    [0m###
##########################################################
all_at_once               1 
batch_fd                  0 
covariance                False 
energy                    1 
fd_ptypes                 ['VSITE'] 
fdgrad                    False 
fdhess                    False 
fdhessdiag                True 
fitatoms                  0 
force                     1 
name                      water12_sixpt 
qmboltz                   0.0 
qmboltztemp               298.15 
resp                      0 
resp_a                    0.001 
resp_b                    0.1 
run_internal              1 
sampcorr                  0 
shots                     300 
simtype                   ABINITIO_GMXX2 
use_pvals                 0 
w_energy                  1.0 
w_force                   1.0 
w_hvap                    1.0 
w_resp                    0.0 
w_rho                     1.0 
weight                    1.0 
whamboltz                 0 
wq_port                   9230 
----------------------------------------------------------
Backing up: temp/water12_fourpt to: backups/water12_fourpt.134.tar.bz2

##########################################################
###[92m   Setup for fitting simulation water12_fourpt :    [0m###
##########################################################
all_at_once               1 
batch_fd                  0 
covariance                False 
energy                    1 
fd_ptypes                 ['VSITE'] 
fdgrad                    False 
fdhess                    False 
fdhessdiag                True 
fitatoms                  0 
force                     1 
name                      water12_fourpt 
qmboltz                   0.0 
qmboltztemp               298.15 
resp                      0 
resp_a                    0.001 
resp_b                    0.1 
run_internal              1 
sampcorr                  0 
shots                     300 
simtype                   ABINITIO_GMXX2 
use_pvals                 0 
w_energy                  1.0 
w_force                   1.0 
w_hvap                    1.0 
w_resp                    0.0 
w_rho                     1.0 
weight                    1.0 
whamboltz                 0 
wq_port                   9230 
----------------------------------------------------------

##########################################################
###[92m                Setup for optimizer                 [0m###
##########################################################
adaptive_damping          0.5 
adaptive_factor           0.25 
backup                    True 
convergence_gradient      0.0001 
convergence_objective     1e-06 
convergence_step          1e-06 
eig_lowerbound            0.001 
ffdir                     forcefield 
finite_difference_h       0.01 
forcefield                ['water.itp'] 
gmxpath                   /home/leeping/opt/gromacs-4.0.7-x2/bin 
gmxsuffix                  
jobtype                   BFGS 
maxstep                   100 
mintrust                  0.01 
penalty_additive          0.0 
penalty_hyperbolic_b      0.001 
penalty_multiplicative    0.01 
penalty_type              L2 
print_gradient            False 
print_hessian             False 
print_parameters          False 
priors                    {} 
root                      /home/leeping/src/forcebalance/studies/001_water12_tip4p 
scanindex_name            [] 
scanindex_num             [] 
trust0                    0.1 
writechk_step             1 
----------------------------------------------------------

##########################################################
###[1;97m                   Main Optimizer                   [0m###
###[1;97m            BFGS Mode (Adaptive Radius)             [0m###
##########################################################

GMXX2: water12_sixptfdwrap: get_X [8] = -1.0e-02 GMXX2: water12_sixptfdwrap: get_X [8] =  1.0e-02 GMXX2: water12_sixptSim: water12_sixpt   Energy error (kJ/mol) =     8.7851 Force error (%) =    35.3420
GMXX2: water12_fourptfdwrap: get_X [8] = -1.0e-02 GMXX2: water12_fourptfdwrap: get_X [8] =  1.0e-02 GMXX2: water12_fourptSim: water12_fourpt  Energy error (kJ/mol) =    15.0815 Force error (%) =    78.8551

  Step       |k|        |dk|       |grad|       -=X2=-     Stdev(X2)    StepQual
     0   0.000e+00   0.000e+00   9.092e+00[97m   2.51069e-01[0m   0.000e+00      1.000
Levenberg-Marquardt: The Hessian's diagonal is scaled by  6.608
GMXX2: water12_sixptfdwrap: get_X [8] = -1.0e-02 GMXX2: water12_sixptfdwrap: get_X [8] =  1.0e-02 GMXX2: water12_sixptSim: water12_sixpt   Energy error (kJ/mol) =     8.3563 Force error (%) =    33.1962
GMXX2: water12_fourptfdwrap: get_X [8] = -1.0e-02 GMXX2: water12_fourptfdwrap: get_X [8] =  1.0e-02 GMXX2: water12_fourptSim: water12_fourpt  Energy error (kJ/mol) =    15.2644 Force error (%) =    69.0189
X: 0.210154465383 X_prev: 0.251068767539 Dot: -0.0477954235286
Wolfe1: 0.210154465383 0.251063987997
Dot_Left: -0.344550111679 Dot_Right: -0.477954713175
Wolfe2: -0.344550111679 -0.430159241857
Wolfe condition 1 is satisfied
Wolfe condition 2 is satisfied

##########################################################
###[91m                   Loaded H_stor                    [0m###
##########################################################
 3.8e+00  0.0e+00  0.0e+00  0.0e+00  0.0e+00  0.0e+00  0.0e+00  0.0e+00  0.0e+00
 0.0e+00  8.9e+00  0.0e+00  0.0e+00  0.0e+00  0.0e+00  0.0e+00  0.0e+00  0.0e+00
 0.0e+00  0.0e+00  1.3e+03  0.0e+00  0.0e+00  0.0e+00  0.0e+00  0.0e+00  0.0e+00
 0.0e+00  0.0e+00  0.0e+00  2.9e+00  0.0e+00  0.0e+00  0.0e+00  0.0e+00  0.0e+00
 0.0e+00  0.0e+00  0.0e+00  0.0e+00  1.2e+02  0.0e+00  0.0e+00  0.0e+00  0.0e+00
 0.0e+00  0.0e+00  0.0e+00  0.0e+00  0.0e+00  1.7e-01  0.0e+00  0.0e+00  0.0e+00
 0.0e+00  0.0e+00  0.0e+00  0.0e+00  0.0e+00  0.0e+00  5.0e-03  0.0e+00  0.0e+00
 0.0e+00  0.0e+00  0.0e+00  0.0e+00  0.0e+00  0.0e+00  0.0e+00  5.8e+01  0.0e+00
 0.0e+00  0.0e+00  0.0e+00  0.0e+00  0.0e+00  0.0e+00  0.0e+00  0.0e+00  1.2e-01

##########################################################
###[96m                         Dx                         [0m###
##########################################################
   0 [ -5.7527e-03 ] : VDWSOW
   1 [ -3.5415e-03 ] : VDWTOW
   2 [ -8.8533e-04 ] : BONDSBHWOW
   3 [ -9.1896e-03 ] : BONDSKHWOW
   4 [  6.0706e-03 ] : ANGLESBHWOWHW
   5 [ -6.9535e-02 ] : ANGLESKHWOWHW
   6 [  0.0000e+00 ] : COULHW1 COULHW2
   7 [  6.2789e-04 ] : COULMW
   8 [  7.0688e-02 ] : VSITE3B4 VSITE3A4

##########################################################
###[96m                         Dy                         [0m###
##########################################################
   0 [ -2.1050e-02 ] : VDWSOW
   1 [ -3.2566e-02 ] : VDWTOW
   2 [ -2.5644e+00 ] : BONDSBHWOW
   3 [ -8.0137e-03 ] : BONDSKHWOW
   4 [  1.1638e+00 ] : ANGLESBHWOWHW
   5 [ -3.3583e-02 ] : ANGLESKHWOWHW
   6 [  0.0000e+00 ] : COULHW1 COULHW2
   7 [  1.0572e-01 ] : COULMW
   8 [  1.8297e-02 ] : VSITE3B4 VSITE3A4

  Step       |k|        |dk|       |grad|       -=X2=-     Stdev(X2)    StepQual
     1   1.000e-01   1.000e-01   6.301e+00[92m   2.10154e-01[0m   2.046e-02      0.926
Levenberg-Marquardt: The Hessian's diagonal is scaled by  1.564
GMXX2: water12_sixptfdwrap: get_X [8] = -1.0e-02 GMXX2: water12_sixptfdwrap: get_X [8] =  1.0e-02 GMXX2: water12_sixptSim: water12_sixpt   Energy error (kJ/mol) =     8.5754 Force error (%) =    31.4869
GMXX2: water12_fourptfdwrap: get_X [8] = -1.0e-02 GMXX2: water12_fourptfdwrap: get_X [8] =  1.0e-02 GMXX2: water12_fourptSim: water12_fourpt  Energy error (kJ/mol) =    15.4132 Force error (%) =    51.1635
X: 0.156619962534 X_prev: 0.210154465383 Dot: -0.074849991296
Wolfe1: 0.156619962534 0.210146980384
Dot_Left: -0.267287740834 Dot_Right: -0.598800529548
Wolfe2: -0.267287740834 -0.538920476593
Wolfe condition 1 is satisfied
Wolfe condition 2 is satisfied

##########################################################
###[91m                   Loaded H_stor                    [0m###
##########################################################
 3.7e+00 -4.3e-02  5.2e-01 -6.7e-02  2.7e-01  1.8e-02  0.0e+00 -5.8e-02 -3.8e-03
-4.3e-02  8.8e+00  1.1e+00 -9.7e-02  2.3e-01  3.1e-02  0.0e+00 -1.0e-01 -8.2e-03
 5.2e-01  1.1e+00  1.6e+03 -2.8e+00 -1.1e+02  4.6e+00  0.0e+00 -1.4e+01 -2.2e+00
-6.7e-02 -9.7e-02 -2.8e+00  2.8e+00  1.9e+00 -2.3e-02  0.0e+00  7.0e-02  2.0e-02
 2.7e-01  2.3e-01 -1.1e+02  1.9e+00  1.5e+02 -1.8e+00  0.0e+00  5.7e+00  7.8e-01
 1.8e-02  3.1e-02  4.6e+00 -2.3e-02 -1.8e+00  2.3e-01  0.0e+00 -2.1e-01 -3.3e-02
 0.0e+00  0.0e+00  0.0e+00  0.0e+00  0.0e+00  0.0e+00  5.0e-03  0.0e+00  0.0e+00
-5.8e-02 -1.0e-01 -1.4e+01  7.0e-02  5.7e+00 -2.1e-01  0.0e+00  5.8e+01  1.0e-01
-3.8e-03 -8.2e-03 -2.2e+00  2.0e-02  7.8e-01 -3.3e-02  0.0e+00  1.0e-01  1.3e-01

##########################################################
###[96m                         Dx                         [0m###
##########################################################
   0 [ -2.1941e-02 ] : VDWSOW
   1 [ -1.3108e-02 ] : VDWTOW
   2 [ -1.3489e-03 ] : BONDSBHWOW
   3 [ -4.6587e-02 ] : BONDSKHWOW
   4 [  1.4263e-02 ] : ANGLESBHWOWHW
   5 [ -2.2577e-02 ] : ANGLESKHWOWHW
   6 [  0.0000e+00 ] : COULHW1 COULHW2
   7 [  1.9353e-04 ] : COULMW
   8 [  1.0994e-01 ] : VSITE3B4 VSITE3A4

##########################################################
###[96m                         Dy                         [0m###
##########################################################
   0 [ -1.1209e-01 ] : VDWSOW
   1 [ -1.8206e-01 ] : VDWTOW
   2 [ -3.8148e+00 ] : BONDSBHWOW
   3 [ -8.6045e-02 ] : BONDSKHWOW
   4 [  1.7213e+00 ] : ANGLESBHWOWHW
   5 [ -2.0423e-02 ] : ANGLESKHWOWHW
   6 [  0.0000e+00 ] : COULHW1 COULHW2
   7 [  9.4439e-02 ] : COULMW
   8 [  2.1904e-02 ] : VSITE3B4 VSITE3A4

  Step       |k|        |dk|       |grad|       -=X2=-     Stdev(X2)    StepQual
     2   2.137e-01   1.250e-01   2.275e+00[92m   1.56620e-01[0m   3.867e-02      1.072
GMXX2: water12_sixptfdwrap: get_X [8] = -1.0e-02 GMXX2: water12_sixptfdwrap: get_X [8] =  1.0e-02 GMXX2: water12_sixptSim: water12_sixpt   Energy error (kJ/mol) =     8.6606 Force error (%) =    31.9877
GMXX2: water12_fourptfdwrap: get_X [8] = -1.0e-02 GMXX2: water12_fourptfdwrap: get_X [8] =  1.0e-02 GMXX2: water12_fourptSim: water12_fourpt  Energy error (kJ/mol) =    15.7046 Force error (%) =    41.0445
X: 0.136482396514 X_prev: 0.156619962534 Dot: -0.0350539857327
Wolfe1: 0.136482396514 0.156616457135
Dot_Left: -0.0605501165342 Dot_Right: -0.326040405906
Wolfe2: -0.0605501165342 -0.293436365315
Wolfe condition 1 is satisfied
Wolfe condition 2 is satisfied

##########################################################
###[91m                   Loaded H_stor                    [0m###
##########################################################
 3.9e+00  2.8e-01  4.8e+00  2.2e-02 -8.8e-01  1.2e-02  0.0e+00 -1.2e-01 -1.9e-02
 2.8e-01  9.4e+00  9.1e+00  7.2e-02 -2.2e+00  3.2e-02  0.0e+00 -2.3e-01 -4.1e-02
 4.8e+00  9.1e+00  1.7e+03 -2.5e+00 -8.3e+01  3.2e+00  0.0e+00 -1.3e+01 -1.9e+00
 2.2e-02  7.2e-02 -2.5e+00  2.8e+00  2.7e+00 -5.7e-02  0.0e+00  1.2e-01  2.9e-02
-8.8e-01 -2.2e+00 -8.3e+01  2.7e+00  1.1e+02 -7.8e-01  0.0e+00  3.7e+00  3.6e-01
 1.2e-02  3.2e-02  3.2e+00 -5.7e-02 -7.8e-01  2.1e-01  0.0e+00 -1.5e-01 -2.0e-02
 0.0e+00  0.0e+00  0.0e+00  0.0e+00  0.0e+00  0.0e+00  5.0e-03  0.0e+00  0.0e+00
-1.2e-01 -2.3e-01 -1.3e+01  1.2e-01  3.7e+00 -1.5e-01  0.0e+00  5.8e+01  8.0e-02
-1.9e-02 -4.1e-02 -1.9e+00  2.9e-02  3.6e-01 -2.0e-02  0.0e+00  8.0e-02  1.3e-01

##########################################################
###[96m                         Dx                         [0m###
##########################################################
   0 [  1.5085e-03 ] : VDWSOW
   1 [  5.3567e-03 ] : VDWTOW
   2 [  4.2718e-05 ] : BONDSBHWOW
   3 [ -4.6888e-02 ] : BONDSKHWOW
   4 [  1.6208e-02 ] : ANGLESBHWOWHW
   5 [ -5.6268e-02 ] : ANGLESKHWOWHW
   6 [  0.0000e+00 ] : COULHW1 COULHW2
   7 [ -4.9083e-04 ] : COULMW
   8 [  7.6816e-02 ] : VSITE3B4 VSITE3A4

##########################################################
###[96m                         Dy                         [0m###
##########################################################
   0 [  4.2412e-02 ] : VDWSOW
   1 [  6.9972e-02 ] : VDWTOW
   2 [ -1.5121e+00 ] : BONDSBHWOW
   3 [ -1.0480e-01 ] : BONDSKHWOW
   4 [  1.3645e+00 ] : ANGLESBHWOWHW
   5 [  1.1060e-02 ] : ANGLESKHWOWHW
   6 [  0.0000e+00 ] : COULHW1 COULHW2
   7 [  1.1829e-01 ] : COULMW
   8 [  2.3701e-02 ] : VSITE3B4 VSITE3A4

  Step       |k|        |dk|       |grad|       -=X2=-     Stdev(X2)    StepQual
     3   3.178e-01   1.075e-01   4.402e-01[92m   1.36482e-01[0m   4.502e-02      1.149
Levenberg-Marquardt: The Hessian's diagonal is scaled by  1.394
GMXX2: water12_sixptfdwrap: get_X [8] = -1.0e-02 GMXX2: water12_sixptfdwrap: get_X [8] =  1.0e-02 GMXX2: water12_sixptSim: water12_sixpt   Energy error (kJ/mol) =     8.5530 Force error (%) =    28.9979
GMXX2: water12_fourptfdwrap: get_X [8] = -1.0e-02 GMXX2: water12_fourptfdwrap: get_X [8] =  1.0e-02 GMXX2: water12_fourptSim: water12_fourpt  Energy error (kJ/mol) =    15.3999 Force error (%) =    42.2455
X: 0.13155384892 X_prev: 0.136482396514 Dot: -0.00825762891928
Wolfe1: 0.13155384892 0.136481570752
Dot_Left: -0.00928321227385 Dot_Right: -0.0541207491999
Wolfe2: -0.00928321227385 -0.0487086742799
Wolfe condition 1 is satisfied
Wolfe condition 2 is satisfied

##########################################################
###[91m                   Loaded H_stor                    [0m###
##########################################################
 4.0e+00  3.9e-01  2.1e+00 -1.6e-01  1.6e+00  2.2e-02  0.0e+00  6.6e-02  2.0e-02
 3.9e-01  9.6e+00  5.6e+00 -1.7e-01  7.7e-01  6.3e-02  0.0e+00  4.9e-02  1.4e-02
 2.1e+00  5.6e+00  1.7e+03 -2.4e-01 -8.3e+01  1.7e+00  0.0e+00 -1.8e+01 -2.5e+00
-1.6e-01 -1.7e-01 -2.4e-01  3.0e+00  1.9e+00 -1.5e-01  0.0e+00 -2.3e-01 -2.2e-02
 1.6e+00  7.7e-01 -8.3e+01  1.9e+00  8.9e+01  9.1e-01  0.0e+00  7.4e+00  7.3e-01
 2.2e-02  6.3e-02  1.7e+00 -1.5e-01  9.1e-01  2.0e-01  0.0e+00 -8.0e-02 -9.7e-04
 0.0e+00  0.0e+00  0.0e+00  0.0e+00  0.0e+00  0.0e+00  5.0e-03  0.0e+00  0.0e+00
 6.6e-02  4.9e-02 -1.8e+01 -2.3e-01  7.4e+00 -8.0e-02  0.0e+00  5.9e+01  1.6e-01
 2.0e-02  1.4e-02 -2.5e+00 -2.2e-02  7.3e-01 -9.7e-04  0.0e+00  1.6e-01  1.4e-01

##########################################################
###[96m                         Dx                         [0m###
##########################################################
   0 [ -1.0051e-02 ] : VDWSOW
   1 [ -4.1788e-03 ] : VDWTOW
   2 [  2.7111e-04 ] : BONDSBHWOW
   3 [ -2.9390e-03 ] : BONDSKHWOW
   4 [  5.1426e-03 ] : ANGLESBHWOWHW
   5 [ -1.4091e-01 ] : ANGLESKHWOWHW
   6 [  0.0000e+00 ] : COULHW1 COULHW2
   7 [ -1.3969e-03 ] : COULMW
   8 [ -5.7183e-02 ] : VSITE3B4 VSITE3A4

##########################################################
###[96m                         Dy                         [0m###
##########################################################
   0 [ -6.4328e-02 ] : VDWSOW
   1 [ -1.0455e-01 ] : VDWTOW
   2 [  7.8461e-01 ] : BONDSBHWOW
   3 [ -2.7286e-02 ] : BONDSKHWOW
   4 [ -1.3739e-01 ] : ANGLESBHWOWHW
   5 [ -3.6845e-02 ] : ANGLESKHWOWHW
   6 [  0.0000e+00 ] : COULHW1 COULHW2
   7 [ -9.9732e-02 ] : COULMW
   8 [ -1.4696e-02 ] : VSITE3B4 VSITE3A4

  Step       |k|        |dk|       |grad|       -=X2=-     Stdev(X2)    StepQual
     4   3.718e-01   1.526e-01   8.844e-01[92m   1.31554e-01[0m   4.628e-02      0.875
GMXX2: water12_sixptfdwrap: get_X [8] = -1.0e-02 GMXX2: water12_sixptfdwrap: get_X [8] =  1.0e-02 GMXX2: water12_sixptSim: water12_sixpt   Energy error (kJ/mol) =     8.6700 Force error (%) =    28.7980
GMXX2: water12_fourptfdwrap: get_X [8] = -1.0e-02 GMXX2: water12_fourptfdwrap: get_X [8] =  1.0e-02 GMXX2: water12_fourptSim: water12_fourpt  Energy error (kJ/mol) =    15.3196 Force error (%) =    40.4850
X: 0.127779986391 X_prev: 0.13155384892 Dot: -0.00569956924399
Wolfe1: 0.127779986391 0.131553278963
Dot_Left: -0.0260366377989 Dot_Right: -0.0707358620306
Wolfe2: -0.0260366377989 -0.0636622758275
Wolfe condition 1 is satisfied
Wolfe condition 2 is satisfied

##########################################################
###[91m                   Loaded H_stor                    [0m###
##########################################################
 4.3e+00  1.0e+00 -5.8e+00  2.8e-01  4.5e+00  2.1e-01  0.0e+00  6.8e-01  1.2e-01
 1.0e+00  1.1e+01 -7.1e+00  4.8e-01  5.0e+00  4.2e-01  0.0e+00  1.1e+00  1.9e-01
-5.8e+00 -7.1e+00  1.8e+03 -3.0e+00 -9.5e+01 -2.9e+00  0.0e+00 -3.0e+01 -4.3e+00
 2.8e-01  4.8e-01 -3.0e+00  3.0e+00  1.3e+00  1.1e-01  0.0e+00  4.0e-01  6.3e-02
 4.5e+00  5.0e+00 -9.5e+01  1.3e+00  8.2e+01  2.7e+00  0.0e+00  1.1e+01  1.3e+00
 2.1e-01  4.2e-01 -2.9e+00  1.1e-01  2.7e+00  3.0e-01  0.0e+00  2.5e-01  5.5e-02
 0.0e+00  0.0e+00  0.0e+00  0.0e+00  0.0e+00  0.0e+00  5.0e-03  0.0e+00  0.0e+00
 6.8e-01  1.1e+00 -3.0e+01  4.0e-01  1.1e+01  2.5e-01  0.0e+00  6.0e+01  3.3e-01
 1.2e-01  1.9e-01 -4.3e+00  6.3e-02  1.3e+00  5.5e-02  0.0e+00  3.3e-01  1.7e-01

##########################################################
###[96m                         Dx                         [0m###
##########################################################
   0 [ -4.4478e-03 ] : VDWSOW
   1 [  2.5488e-03 ] : VDWTOW
   2 [ -3.9697e-05 ] : BONDSBHWOW
   3 [  1.5879e-02 ] : BONDSKHWOW
   4 [  9.3776e-03 ] : ANGLESBHWOWHW
   5 [ -7.7231e-02 ] : ANGLESKHWOWHW
   6 [  0.0000e+00 ] : COULHW1 COULHW2
   7 [ -1.1841e-03 ] : COULMW
   8 [ -1.2649e-02 ] : VSITE3B4 VSITE3A4

##########################################################
###[96m                         Dy                         [0m###
##########################################################
   0 [ -6.7821e-03 ] : VDWSOW
   1 [ -9.5182e-03 ] : VDWTOW
   2 [ -5.9872e-01 ] : BONDSBHWOW
   3 [  5.1638e-02 ] : BONDSKHWOW
   4 [  2.8906e-01 ] : ANGLESBHWOWHW
   5 [ -1.5258e-03 ] : ANGLESKHWOWHW
   6 [  0.0000e+00 ] : COULHW1 COULHW2
   7 [  2.0460e-02 ] : COULMW
   8 [  4.1292e-03 ] : VSITE3B4 VSITE3A4

  Step       |k|        |dk|       |grad|       -=X2=-     Stdev(X2)    StepQual
     5   4.266e-01   8.058e-02   2.813e-01[92m   1.27780e-01[0m   4.608e-02      1.324
GMXX2: water12_sixptfdwrap: get_X [8] = -1.0e-02 GMXX2: water12_sixptfdwrap: get_X [8] =  1.0e-02 GMXX2: water12_sixptSim: water12_sixpt   Energy error (kJ/mol) =     8.6225 Force error (%) =    29.0381
GMXX2: water12_fourptfdwrap: get_X [8] = -1.0e-02 GMXX2: water12_fourptfdwrap: get_X [8] =  1.0e-02 GMXX2: water12_fourptSim: water12_fourpt  Energy error (kJ/mol) =    15.2424 Force error (%) =    39.9337
X: 0.126312673311 X_prev: 0.127779986391 Dot: -0.00217211015436
Wolfe1: 0.126312673311 0.12777976918
Dot_Left: -0.0152392524006 Dot_Right: -0.0394400297016
Wolfe2: -0.0152392524006 -0.0354960267315
Wolfe condition 1 is satisfied
Wolfe condition 2 is satisfied

##########################################################
###[91m                   Loaded H_stor                    [0m###
##########################################################
 4.3e+00  9.7e-01 -3.3e+00  7.7e-02  2.8e+00  2.1e-01  0.0e+00  6.0e-01  1.0e-01
 9.7e-01  1.0e+01 -5.9e-01 -1.3e-02  2.3e-01  4.0e-01  0.0e+00  9.5e-01  1.4e-01
-3.3e+00 -5.9e-01  1.8e+03 -5.5e+00 -7.7e+01 -2.3e+00  0.0e+00 -3.1e+01 -4.2e+00
 7.7e-02 -1.3e-02 -5.5e+00  3.3e+00  6.2e-01  6.2e-02  0.0e+00  5.2e-01  6.8e-02
 2.8e+00  2.3e-01 -7.7e+01  6.2e-01  5.2e+01  2.3e+00  0.0e+00  1.1e+01  1.0e+00
 2.1e-01  4.0e-01 -2.3e+00  6.2e-02  2.3e+00  3.0e-01  0.0e+00  2.3e-01  5.0e-02
 0.0e+00  0.0e+00  0.0e+00  0.0e+00  0.0e+00  0.0e+00  5.0e-03  0.0e+00  0.0e+00
 6.0e-01  9.5e-01 -3.1e+01  5.2e-01  1.1e+01  2.3e-01  0.0e+00  6.0e+01  3.3e-01
 1.0e-01  1.4e-01 -4.2e+00  6.8e-02  1.0e+00  5.0e-02  0.0e+00  3.3e-01  1.7e-01

##########################################################
###[96m                         Dx                         [0m###
##########################################################
   0 [  7.4925e-04 ] : VDWSOW
   1 [  6.9051e-03 ] : VDWTOW
   2 [  1.6240e-04 ] : BONDSBHWOW
   3 [ -2.5463e-04 ] : BONDSKHWOW
   4 [  7.9924e-03 ] : ANGLESBHWOWHW
   5 [ -5.0158e-02 ] : ANGLESKHWOWHW
   6 [  0.0000e+00 ] : COULHW1 COULHW2
   7 [ -1.2091e-03 ] : COULMW
   8 [ -2.0090e-02 ] : VSITE3B4 VSITE3A4

##########################################################
###[96m                         Dy                         [0m###
##########################################################
   0 [  2.3795e-02 ] : VDWSOW
   1 [  4.0839e-02 ] : VDWTOW
   2 [ -4.6087e-02 ] : BONDSBHWOW
   3 [ -1.8945e-03 ] : BONDSKHWOW
   4 [  1.3894e-01 ] : ANGLESBHWOWHW
   5 [ -8.5643e-05 ] : ANGLESKHWOWHW
   6 [  0.0000e+00 ] : COULHW1 COULHW2
   7 [  1.4977e-02 ] : COULMW
   8 [  2.8195e-03 ] : VSITE3B4 VSITE3A4

  Step       |k|        |dk|       |grad|       -=X2=-     Stdev(X2)    StepQual
     6   4.636e-01   5.507e-02   1.310e-01[92m   1.26313e-01[0m   4.520e-02      1.351
GMXX2: water12_sixptfdwrap: get_X [8] = -1.0e-02 GMXX2: water12_sixptfdwrap: get_X [8] =  1.0e-02 GMXX2: water12_sixptSim: water12_sixpt   Energy error (kJ/mol) =     8.8745 Force error (%) =    29.6427
GMXX2: water12_fourptfdwrap: get_X [8] = -1.0e-02 GMXX2: water12_fourptfdwrap: get_X [8] =  1.0e-02 GMXX2: water12_fourptSim: water12_fourpt  Energy error (kJ/mol) =    15.0843 Force error (%) =    39.0957
X: 0.125897170949 X_prev: 0.126312673311 Dot: -0.000826505130295
Wolfe1: 0.125897170949 0.12631259066
Dot_Left: -0.000792092300411 Dot_Right: -0.0202366568815
Wolfe2: -0.000792092300411 -0.0182129911934
Wolfe condition 1 is satisfied
Wolfe condition 2 is satisfied

##########################################################
###[91m                   Loaded H_stor                    [0m###
##########################################################
 4.6e+00  1.3e+00 -3.3e+00  5.9e-02  3.0e+00  1.7e-01  0.0e+00  8.6e-01  1.3e-01
 1.3e+00  1.1e+01  1.1e-01 -2.6e-02 -1.6e+00  3.0e-01  0.0e+00  1.4e+00  1.7e-01
-3.3e+00  1.1e-01  1.8e+03 -5.5e+00 -7.1e+01 -2.1e+00  0.0e+00 -3.1e+01 -4.2e+00
 5.9e-02 -2.6e-02 -5.5e+00  3.3e+00  6.5e-01  6.6e-02  0.0e+00  4.9e-01  6.6e-02
 3.0e+00 -1.6e+00 -7.1e+01  6.5e-01  3.5e+01  1.7e+00  0.0e+00  1.3e+01  1.0e+00
 1.7e-01  3.0e-01 -2.1e+00  6.6e-02  1.7e+00  2.9e-01  0.0e+00  2.3e-01  4.6e-02
 0.0e+00  0.0e+00  0.0e+00  0.0e+00  0.0e+00  0.0e+00  5.0e-03  0.0e+00  0.0e+00
 8.6e-01  1.4e+00 -3.1e+01  4.9e-01  1.3e+01  2.3e-01  0.0e+00  6.0e+01  3.6e-01
 1.3e-01  1.7e-01 -4.2e+00  6.6e-02  1.0e+00  4.6e-02  0.0e+00  3.6e-01  1.7e-01

##########################################################
###[96m                         Dx                         [0m###
##########################################################
   0 [ -4.4802e-03 ] : VDWSOW
   1 [  3.7374e-03 ] : VDWTOW
   2 [  9.9732e-05 ] : BONDSBHWOW
   3 [  2.4109e-04 ] : BONDSKHWOW
   4 [  6.6021e-03 ] : ANGLESBHWOWHW
   5 [ -1.7802e-02 ] : ANGLESKHWOWHW
   6 [  0.0000e+00 ] : COULHW1 COULHW2
   7 [ -1.3322e-03 ] : COULMW
   8 [ -3.5661e-02 ] : VSITE3B4 VSITE3A4

##########################################################
###[96m                         Dy                         [0m###
##########################################################
   0 [ -9.9655e-03 ] : VDWSOW
   1 [ -1.3982e-02 ] : VDWTOW
   2 [ -1.0092e-01 ] : BONDSBHWOW
   3 [  3.2838e-04 ] : BONDSKHWOW
   4 [  1.4890e-01 ] : ANGLESBHWOWHW
   5 [  1.1667e-02 ] : ANGLESKHWOWHW
   6 [  0.0000e+00 ] : COULHW1 COULHW2
   7 [ -1.2228e-02 ] : COULMW
   8 [ -5.6409e-04 ] : VSITE3B4 VSITE3A4

  Step       |k|        |dk|       |grad|       -=X2=-     Stdev(X2)    StepQual
     7   4.696e-01   4.084e-02   6.756e-02[92m   1.25897e-01[0m   4.401e-02      1.005
GMXX2: water12_sixptfdwrap: get_X [8] = -1.0e-02 GMXX2: water12_sixptfdwrap: get_X [8] =  1.0e-02 GMXX2: water12_sixptSim: water12_sixpt   Energy error (kJ/mol) =     8.7390 Force error (%) =    29.3032
GMXX2: water12_fourptfdwrap: get_X [8] = -1.0e-02 GMXX2: water12_fourptfdwrap: get_X [8] =  1.0e-02 GMXX2: water12_fourptSim: water12_fourpt  Energy error (kJ/mol) =    15.0173 Force error (%) =    39.9013
X: 0.125836877697 X_prev: 0.125897170949 Dot: -0.000337689250187
Wolfe1: 0.125836877697 0.125897137181
Dot_Left: 0.00492698077567 Dot_Right: -0.00698734679069
Wolfe2: 0.00492698077567 -0.00628861211162
Wolfe condition 1 is satisfied
Wolfe condition 2 is satisfied

##########################################################
###[91m                   Loaded H_stor                    [0m###
##########################################################
 4.7e+00  1.5e+00 -2.3e+00  5.5e-02  1.9e+00  4.7e-02  0.0e+00  9.3e-01  1.4e-01
 1.5e+00  1.1e+01  2.4e+00 -3.2e-02 -5.7e+00  3.8e-02  0.0e+00  1.8e+00  1.9e-01
-2.3e+00  2.4e+00  1.8e+03 -5.6e+00 -8.3e+01 -3.4e+00  0.0e+00 -3.0e+01 -4.2e+00
 5.5e-02 -3.2e-02 -5.6e+00  3.3e+00  7.1e-01  7.0e-02  0.0e+00  4.9e-01  6.6e-02
 1.9e+00 -5.7e+00 -8.3e+01  7.1e-01  4.5e+01  3.3e+00  0.0e+00  1.3e+01  1.1e+00
 4.7e-02  3.8e-02 -3.4e+00  7.0e-02  3.3e+00  4.4e-01  0.0e+00  1.3e-01  4.2e-02
 0.0e+00  0.0e+00  0.0e+00  0.0e+00  0.0e+00  0.0e+00  5.0e-03  0.0e+00  0.0e+00
 9.3e-01  1.8e+00 -3.0e+01  4.9e-01  1.3e+01  1.3e-01  0.0e+00  6.0e+01  3.5e-01
 1.4e-01  1.9e-01 -4.2e+00  6.6e-02  1.1e+00  4.2e-02  0.0e+00  3.5e-01  1.7e-01

##########################################################
###[96m                         Dx                         [0m###
##########################################################
   0 [ -1.0536e-03 ] : VDWSOW
   1 [  5.1241e-03 ] : VDWTOW
   2 [  7.4248e-05 ] : BONDSBHWOW
   3 [  6.3295e-04 ] : BONDSKHWOW
   4 [  4.0397e-03 ] : ANGLESBHWOWHW
   5 [ -4.4591e-02 ] : ANGLESKHWOWHW
   6 [  0.0000e+00 ] : COULHW1 COULHW2
   7 [ -7.9284e-04 ] : COULMW
   8 [ -1.7395e-02 ] : VSITE3B4 VSITE3A4

##########################################################
###[96m                         Dy                         [0m###
##########################################################
   0 [  1.4199e-02 ] : VDWSOW
   1 [  2.3327e-02 ] : VDWTOW
   2 [  2.6927e-01 ] : BONDSBHWOW
   3 [ -4.0650e-03 ] : BONDSKHWOW
   4 [ -6.7159e-02 ] : ANGLESBHWOWHW
   5 [ -1.5394e-02 ] : ANGLESKHWOWHW
   6 [  0.0000e+00 ] : COULHW1 COULHW2
   7 [ -8.5833e-03 ] : COULMW
   8 [ -1.8322e-03 ] : VSITE3B4 VSITE3A4

  Step       |k|        |dk|       |grad|       -=X2=-     Stdev(X2)    StepQual
     8   5.075e-01   4.833e-02   2.171e-01[92m   1.25837e-01[0m   4.272e-02      0.357
GMXX2: water12_sixptfdwrap: get_X [8] = -1.0e-02 GMXX2: water12_sixptfdwrap: get_X [8] =  1.0e-02 GMXX2: water12_sixptSim: water12_sixpt   Energy error (kJ/mol) =     8.7905 Force error (%) =    29.5376
GMXX2: water12_fourptfdwrap: get_X [8] = -1.0e-02 GMXX2: water12_fourptfdwrap: get_X [8] =  1.0e-02 GMXX2: water12_fourptSim: water12_fourpt  Energy error (kJ/mol) =    15.0403 Force error (%) =    39.4705
X: 0.125769428166 X_prev: 0.125836877697 Dot: -0.000127899990741
Wolfe1: 0.125769428166 0.125836864907
Dot_Left: -0.000468378810852 Dot_Right: -0.00708428669492
Wolfe2: -0.000468378810852 -0.00637585802543
Wolfe condition 1 is satisfied
Wolfe condition 2 is satisfied

##########################################################
###[91m                   Loaded H_stor                    [0m###
##########################################################
 4.9e+00  1.7e+00  3.5e+00 -4.0e-02  6.5e-01 -2.2e-01  0.0e+00  7.6e-01  9.4e-02
 1.7e+00  9.9e+00  9.4e+00 -1.7e-01 -6.5e+00 -7.8e-02  0.0e+00  1.6e+00  1.4e-01
 3.5e+00  9.4e+00  1.9e+03 -7.4e+00 -1.1e+02 -9.4e+00  0.0e+00 -3.4e+01 -5.0e+00
-4.0e-02 -1.7e-01 -7.4e+00  3.3e+00  1.2e+00  1.7e-01  0.0e+00  5.5e-01  7.8e-02
 6.5e-01 -6.5e+00 -1.1e+02  1.2e+00  5.1e+01  4.5e+00  0.0e+00  1.3e+01  1.3e+00
-2.2e-01 -7.8e-02 -9.4e+00  1.7e-01  4.5e+00  6.9e-01  0.0e+00  3.1e-01  8.6e-02
 0.0e+00  0.0e+00  0.0e+00  0.0e+00  0.0e+00  0.0e+00  5.0e-03  0.0e+00  0.0e+00
 7.6e-01  1.6e+00 -3.4e+01  5.5e-01  1.3e+01  3.1e-01  0.0e+00  6.0e+01  3.8e-01
 9.4e-02  1.4e-01 -5.0e+00  7.8e-02  1.3e+00  8.6e-02  0.0e+00  3.8e-01  1.8e-01

##########################################################
###[96m                         Dx                         [0m###
##########################################################
   0 [ -9.2323e-04 ] : VDWSOW
   1 [ -4.2997e-04 ] : VDWTOW
   2 [ -6.5518e-05 ] : BONDSBHWOW
   3 [  2.6359e-04 ] : BONDSKHWOW
   4 [ -1.0812e-03 ] : ANGLESBHWOWHW
   5 [  1.6507e-02 ] : ANGLESKHWOWHW
   6 [  0.0000e+00 ] : COULHW1 COULHW2
   7 [  1.9421e-04 ] : COULMW
   8 [  7.1529e-03 ] : VSITE3B4 VSITE3A4

##########################################################
###[96m                         Dy                         [0m###
##########################################################
   0 [ -2.5954e-03 ] : VDWSOW
   1 [ -4.2480e-03 ] : VDWTOW
   2 [ -1.8300e-01 ] : BONDSBHWOW
   3 [  4.2318e-03 ] : BONDSKHWOW
   4 [  4.4821e-02 ] : ANGLESBHWOWHW
   5 [  8.3318e-03 ] : ANGLESKHWOWHW
   6 [  0.0000e+00 ] : COULHW1 COULHW2
   7 [  8.7628e-03 ] : COULMW
   8 [  1.5863e-03 ] : VSITE3B4 VSITE3A4

  Step       |k|        |dk|       |grad|       -=X2=-     Stdev(X2)    StepQual
     9   4.935e-01   1.805e-02   3.151e-02[92m   1.25769e-01[0m   4.144e-02      1.055
GMXX2: water12_sixptfdwrap: get_X [8] = -1.0e-02 GMXX2: water12_sixptfdwrap: get_X [8] =  1.0e-02 GMXX2: water12_sixptSim: water12_sixpt   Energy error (kJ/mol) =     8.8062 Force error (%) =    29.5797
GMXX2: water12_fourptfdwrap: get_X [8] = -1.0e-02 GMXX2: water12_fourptfdwrap: get_X [8] =  1.0e-02 GMXX2: water12_fourptSim: water12_fourpt  Energy error (kJ/mol) =    15.0325 Force error (%) =    39.4123
X: 0.12575213197 X_prev: 0.125769428166 Dot: -1.85040319449e-05
Wolfe1: 0.12575213197 0.125769426316
Dot_Left: -0.00684663302978 Dot_Right: -0.00787685951666
Wolfe2: -0.00684663302978 -0.00708917356499
Wolfe condition 1 is satisfied
Wolfe condition 2 is satisfied

##########################################################
###[91m                   Loaded H_stor                    [0m###
##########################################################
 4.4e+00  1.8e+00 -7.7e+00  1.3e-01  2.5e+00  1.8e-01  0.0e+00  9.9e-01  1.7e-01
 1.8e+00  1.0e+01  1.7e+01 -3.4e-01 -8.2e+00 -4.1e-01  0.0e+00  1.3e+00  7.4e-02
-7.7e+00  1.7e+01  1.8e+03 -7.7e+00 -1.1e+02 -8.5e+00  0.0e+00 -3.7e+01 -4.8e+00
 1.3e-01 -3.4e-01 -7.7e+00  3.4e+00  1.6e+00  2.3e-01  0.0e+00  6.8e-01  8.8e-02
 2.5e+00 -8.2e+00 -1.1e+02  1.6e+00  5.5e+01  5.0e+00  0.0e+00  1.5e+01  1.4e+00
 1.8e-01 -4.1e-01 -8.5e+00  2.3e-01  5.0e+00  7.5e-01  0.0e+00  5.4e-01  9.4e-02
 0.0e+00  0.0e+00  0.0e+00  0.0e+00  0.0e+00  0.0e+00  5.0e-03  0.0e+00  0.0e+00
 9.9e-01  1.3e+00 -3.7e+01  6.8e-01  1.5e+01  5.4e-01  0.0e+00  6.0e+01  4.2e-01
 1.7e-01  7.4e-02 -4.8e+00  8.8e-02  1.4e+00  9.4e-02  0.0e+00  4.2e-01  1.8e-01

##########################################################
###[96m                         Dx                         [0m###
##########################################################
   0 [ -2.0407e-03 ] : VDWSOW
   1 [  1.0163e-03 ] : VDWTOW
   2 [ -2.7865e-05 ] : BONDSBHWOW
   3 [ -6.1533e-05 ] : BONDSKHWOW
   4 [  1.7158e-04 ] : ANGLESBHWOWHW
   5 [ -5.2491e-04 ] : ANGLESKHWOWHW
   6 [  0.0000e+00 ] : COULHW1 COULHW2
   7 [ -8.8625e-05 ] : COULMW
   8 [  6.1623e-05 ] : VSITE3B4 VSITE3A4

##########################################################
###[96m                         Dy                         [0m###
##########################################################
   0 [ -1.5934e-03 ] : VDWSOW
   1 [ -2.3498e-03 ] : VDWTOW
   2 [ -3.0685e-02 ] : BONDSBHWOW
   3 [  2.9743e-04 ] : BONDSKHWOW
   4 [  5.9438e-03 ] : ANGLESBHWOWHW
   5 [  6.2903e-04 ] : ANGLESKHWOWHW
   6 [  0.0000e+00 ] : COULHW1 COULHW2
   7 [ -3.3212e-04 ] : COULMW
   8 [  1.4386e-05 ] : VSITE3B4 VSITE3A4

  Step       |k|        |dk|       |grad|       -=X2=-     Stdev(X2)    StepQual
    10   4.942e-01   2.349e-03   1.410e-02[92m   1.25752e-01[0m   2.533e-02      1.869
GMXX2: water12_sixptfdwrap: get_X [8] = -1.0e-02 GMXX2: water12_sixptfdwrap: get_X [8] =  1.0e-02 GMXX2: water12_sixptSim: water12_sixpt   Energy error (kJ/mol) =     8.8957 Force error (%) =    29.8855
GMXX2: water12_fourptfdwrap: get_X [8] = -1.0e-02 GMXX2: water12_fourptfdwrap: get_X [8] =  1.0e-02 GMXX2: water12_fourptSim: water12_fourpt  Energy error (kJ/mol) =    14.9701 Force error (%) =    39.0614
X: 0.125619942733 X_prev: 0.12575213197 Dot: -0.000197449348685
Wolfe1: 0.125619942733 0.125752112225
Dot_Left: -0.00225053198817 Dot_Right: -0.00706517837901
Wolfe2: -0.00225053198817 -0.00635866054111
Wolfe condition 1 is satisfied
Wolfe condition 2 is satisfied

##########################################################
###[91m                   Loaded H_stor                    [0m###
##########################################################
 3.1e+00  5.1e+00  1.9e+00 -2.4e-01 -3.1e+00 -2.8e-01  0.0e+00  2.3e-01  1.7e-01
 5.1e+00  1.1e+01  5.4e+01 -4.9e-01 -1.3e+01 -9.8e-01  0.0e+00  2.3e+00  5.9e-02
 1.9e+00  5.4e+01  2.2e+03 -1.2e+01 -2.0e+02 -1.7e+01  0.0e+00 -3.8e+01 -5.0e+00
-2.4e-01 -4.9e-01 -1.2e+01  3.4e+00  2.2e+00  3.0e-01  0.0e+00  5.7e-01  9.0e-02
-3.1e+00 -1.3e+01 -2.0e+02  2.2e+00  6.9e+01  6.5e+00  0.0e+00  1.3e+01  1.4e+00
-2.8e-01 -9.8e-01 -1.7e+01  3.0e-01  6.5e+00  9.1e-01  0.0e+00  4.3e-01  9.8e-02
 0.0e+00  0.0e+00  0.0e+00  0.0e+00  0.0e+00  0.0e+00  5.0e-03  0.0e+00  0.0e+00
 2.3e-01  2.3e+00 -3.8e+01  5.7e-01  1.3e+01  4.3e-01  0.0e+00  6.0e+01  4.2e-01
 1.7e-01  5.9e-02 -5.0e+00  9.0e-02  1.4e+00  9.8e-02  0.0e+00  4.2e-01  1.8e-01

##########################################################
###[96m                         Dx                         [0m###
##########################################################
   0 [ -2.2486e-02 ] : VDWSOW
   1 [  1.3052e-02 ] : VDWTOW
   2 [ -2.4777e-04 ] : BONDSBHWOW
   3 [ -1.0281e-03 ] : BONDSKHWOW
   4 [  1.4085e-03 ] : ANGLESBHWOWHW
   5 [ -8.1535e-03 ] : ANGLESKHWOWHW
   6 [  0.0000e+00 ] : COULHW1 COULHW2
   7 [ -9.0072e-04 ] : COULMW
   8 [  5.8868e-03 ] : VSITE3B4 VSITE3A4

##########################################################
###[96m                         Dy                         [0m###
##########################################################
   0 [ -9.1060e-03 ] : VDWSOW
   1 [ -1.2002e-02 ] : VDWTOW
   2 [ -2.4170e-01 ] : BONDSBHWOW
   3 [  1.0710e-03 ] : BONDSKHWOW
   4 [  3.5590e-02 ] : ANGLESBHWOWHW
   5 [  3.0834e-03 ] : ANGLESKHWOWHW
   6 [  0.0000e+00 ] : COULHW1 COULHW2
   7 [ -5.6109e-04 ] : COULMW
   8 [  3.6708e-04 ] : VSITE3B4 VSITE3A4

  Step       |k|        |dk|       |grad|       -=X2=-     Stdev(X2)    StepQual
    11   5.067e-01   2.795e-02   2.477e-01[92m   1.25620e-01[0m   9.247e-03      1.339
GMXX2: water12_sixptfdwrap: get_X [8] = -1.0e-02 GMXX2: water12_sixptfdwrap: get_X [8] =  1.0e-02 GMXX2: water12_sixptSim: water12_sixpt   Energy error (kJ/mol) =     8.9311 Force error (%) =    29.9978
GMXX2: water12_fourptfdwrap: get_X [8] = -1.0e-02 GMXX2: water12_fourptfdwrap: get_X [8] =  1.0e-02 GMXX2: water12_fourptSim: water12_fourpt  Energy error (kJ/mol) =    14.9312 Force error (%) =    38.9465
X: 0.125520103194 X_prev: 0.125619942733 Dot: -0.000124002307816
Wolfe1: 0.125520103194 0.125619930333
Dot_Left: -0.00288928541767 Dot_Right: -0.00485607339392
Wolfe2: -0.00288928541767 -0.00437046605453
Wolfe condition 1 is satisfied
Wolfe condition 2 is satisfied

##########################################################
###[91m                   Loaded H_stor                    [0m###
##########################################################
 3.6e+00  6.0e+00  1.8e+01 -3.4e-01 -5.8e+00 -5.1e-01  0.0e+00  2.1e-01  1.4e-01
 6.0e+00  1.2e+01  7.6e+01 -5.6e-01 -1.6e+01 -1.2e+00  0.0e+00  2.5e+00  2.6e-02
 1.8e+01  7.6e+01  2.6e+03 -1.4e+01 -2.6e+02 -2.2e+01  0.0e+00 -3.7e+01 -5.6e+00
-3.4e-01 -5.6e-01 -1.4e+01  3.4e+00  2.4e+00  3.2e-01  0.0e+00  5.5e-01  9.3e-02
-5.8e+00 -1.6e+01 -2.6e+02  2.4e+00  7.7e+01  7.3e+00  0.0e+00  1.3e+01  1.5e+00
-5.1e-01 -1.2e+00 -2.2e+01  3.2e-01  7.3e+00  9.8e-01  0.0e+00  4.1e-01  1.1e-01
 0.0e+00  0.0e+00  0.0e+00  0.0e+00  0.0e+00  0.0e+00  5.0e-03  0.0e+00  0.0e+00
 2.1e-01  2.5e+00 -3.7e+01  5.5e-01  1.3e+01  4.1e-01  0.0e+00  6.0e+01  4.2e-01
 1.4e-01  2.6e-02 -5.6e+00  9.3e-02  1.5e+00  1.1e-01  0.0e+00  4.2e-01  1.8e-01

##########################################################
###[96m                         Dx                         [0m###
##########################################################
   0 [ -1.9695e-02 ] : VDWSOW
   1 [  1.2520e-02 ] : VDWTOW
   2 [ -1.2215e-04 ] : BONDSBHWOW
   3 [ -9.2751e-04 ] : BONDSKHWOW
   4 [  5.0655e-04 ] : ANGLESBHWOWHW
   5 [ -5.3046e-03 ] : ANGLESKHWOWHW
   6 [  0.0000e+00 ] : COULHW1 COULHW2
   7 [ -6.7944e-04 ] : COULMW
   8 [  8.8152e-03 ] : VSITE3B4 VSITE3A4

##########################################################
###[96m                         Dy                         [0m###
##########################################################
   0 [ -4.7860e-03 ] : VDWSOW
   1 [ -4.9276e-03 ] : VDWTOW
   2 [ -1.0279e-01 ] : BONDSBHWOW
   3 [ -7.2491e-04 ] : BONDSKHWOW
   4 [  8.3671e-03 ] : ANGLESBHWOWHW
   5 [  2.3078e-04 ] : ANGLESKHWOWHW
   6 [  0.0000e+00 ] : COULHW1 COULHW2
   7 [ -1.6870e-03 ] : COULMW
   8 [  3.0413e-05 ] : VSITE3B4 VSITE3A4

  Step       |k|        |dk|       |grad|       -=X2=-     Stdev(X2)    StepQual
    12   5.177e-01   2.554e-02   3.505e-01[92m   1.25520e-01[0m   3.424e-03      1.610
GMXX2: water12_sixptfdwrap: get_X [8] = -1.0e-02 GMXX2: water12_sixptfdwrap: get_X [8] =  1.0e-02 GMXX2: water12_sixptSim: water12_sixpt   Energy error (kJ/mol) =     8.9875 Force error (%) =    30.0508
GMXX2: water12_fourptfdwrap: get_X [8] = -1.0e-02 GMXX2: water12_fourptfdwrap: get_X [8] =  1.0e-02 GMXX2: water12_fourptSim: water12_fourpt  Energy error (kJ/mol) =    14.8695 Force error (%) =    38.8316
X: 0.125310612303 X_prev: 0.125520103194 Dot: -0.000302451824948
Wolfe1: 0.125310612303 0.125520072949
Dot_Left: -0.00169343105687 Dot_Right: -0.00520292329609
Wolfe2: -0.00169343105687 -0.00468263096648
Wolfe condition 1 is satisfied
