
#======================================================================#
#| [1m            Welcome to ForceBalance version 1.7.0! =D             [0m |#
#| [1m                 Force Field Optimization System                  [0m |#
#| [1m                                                                  [0m |#
#| [1m                             Authors:                             [0m |#
#| [1m                          Lee-Ping Wang                           [0m |#
#| [1m                  Yudong Qiu, Keri A. McKiernan                   [0m |#
#| [1m          Jeffrey R. Wagner, Hyesu Jang, Simon Boothroyd          [0m |#
#| [1m           Arthur Vigil, Erik G. Brandt, Johnny Israeli           [0m |#
#======================================================================#

                          [44m     [0m                                        
                       [44m        [0m      [43m     [0m                              
                    [44m        [0m   [44m  [0m    [43m         [0m                          
                 [44m       [0m    [44m      [0m      [43m         [0m                       
             [44m        [0m    [44m        [0m          [43m         [0m                    
          [44m        [0m    [44m        [0m                 [43m        [0m                 
       [44m        [0m    [44m       [0m                        [43m        [0m              
    [44m        [0m   [44m        [0m                              [43m         [0m          
   [44m      [0m   [44m        [0m               `.:+@@###@'          [43m         [0m       
    [44m [0m    [44m        [0m          ,;'+###############.             [43m     [0m       
      [44m        [0m         +################':`                    [43m [0m        
      [44m     [0m              `.,,...####+.                                  
                                ,#####      +##.               [44m   [0m   [44m   [0m
 [43m    [0m                            #####      ######             [44m   [0m   [44m   [0m
 [43m    [0m                ###'        ####'     :#####'             [44m   [0m   [44m   [0m
 [43m    [0m                :####@      ####.    ,####'               [44m   [0m   [44m   [0m
 [43m    [0m                 ######     ####    +###+                 [44m   [0m   [44m   [0m
 [43m    [0m                  #####     ####   ###;                   [44m   [0m   [44m   [0m
 [43m    [0m                   :##      ####  ++`                     [44m   [0m   [44m   [0m
 [43m    [0m                            ####``..:;+##############+`   [44m   [0m   [44m   [0m
 [43m    [0m             .,:;;'++##################################`  [44m   [0m   [44m   [0m
 [43m    [0m    `############################++++''';;;;;;;;;;;'';    [44m   [0m   [44m   [0m
 [43m    [0m      ,########':,.``       ####                          [44m   [0m   [44m   [0m
 [43m    [0m                            ####                          [44m   [0m   [44m   [0m
 [43m    [0m                            ####                          [44m   [0m   [44m   [0m
 [43m    [0m                            ####                          [44m   [0m   [44m   [0m
 [43m    [0m                            ####                          [44m   [0m   [44m   [0m
 [43m    [0m                            ####                          [44m   [0m   [44m   [0m
 [43m    [0m                            ####                          [44m   [0m   [44m   [0m
 [43m    [0m                            ####                          [44m   [0m   [44m   [0m
      [44m    [0m                       ####                                   
     [44m        [0m                    ####                                   
    [44m [0m    [44m       [0m                 ####                       [43m     [0m       
   [44m     [0m    [44m        [0m             ####                    [43m        [0m       
   [44m        [0m    [44m        [0m          ###                  [43m         [0m         
      [44m        [0m    [44m        [0m        +`               [43m        [0m             
          [44m        [0m   [44m        [0m                   [43m        [0m                
             [44m        [0m   [44m         [0m           [43m         [0m                   
                [44m        [0m    [44m       [0m      [43m         [0m                      
                   [44m        [0m    [44m   [0m    [43m        [0m                          
                      [44m        [0m       [43m      [0m                             
                          [44m      [0m      [43m  [0m                                
                             [44m  [0m                                         

Reading options from file: optimize.in

#========================================================#
#| [95m  Options at their default values are not printed   [0m |#
#| [95m        Use 'verbose_options True' to Enable        [0m |#
#========================================================#
Reading force field from file: smirnoff99Frosst-1.1.0.offxml

#=========================================================#
#| [92m Starting parameter indices, physical values and IDs [0m |#
#=========================================================#
   0 [  1.5700e-02 ] : vdW/Atom/epsilon/[#1:1]-[#6X4]
   1 [  1.4870e+00 ] : vdW/Atom/rmin_half/[#1:1]-[#6X4]
   2 [  1.5700e-02 ] : vdW/Atom/epsilon/[#1:1]-[#6X4]-[#7,#8,#9,#16,#17,#35]
   3 [  1.3870e+00 ] : vdW/Atom/rmin_half/[#1:1]-[#6X4]-[#7,#8,#9,#16,#17,#35]
   4 [  5.2700e-05 ] : vdW/Atom/epsilon/[#1:1]-[#8]
   5 [  3.0000e-01 ] : vdW/Atom/rmin_half/[#1:1]-[#8]
   6 [  1.0940e-01 ] : vdW/Atom/epsilon/[#6X4:1]
   7 [  1.9080e+00 ] : vdW/Atom/rmin_half/[#6X4:1]
   8 [  2.1040e-01 ] : vdW/Atom/epsilon/[#8X2H1+0:1]
   9 [  1.7210e+00 ] : vdW/Atom/rmin_half/[#8X2H1+0:1]
-----------------------------------------------------------

#=========================================================#
#| [91m Rescaling Factors by Type (Lower Takes Precedence): [0m |#
#=========================================================#
   vdW/Atom/epsilon                     : 1.00000e-01
   vdW/Atom/rmin_half                   : 1.00000e+00
-----------------------------------------------------------

#========================================================#
#| [91m   Rescaling Types / Factors by Parameter Number:   [0m |#
#========================================================#
   0 [    vdW/Atom/epsilon              : 1.00000e-01 ] : vdW/Atom/epsilon/[#1:1]-[#6X4]
   1 [    vdW/Atom/rmin_half            : 1.00000e+00 ] : vdW/Atom/rmin_half/[#1:1]-[#6X4]
   2 [    vdW/Atom/epsilon              : 1.00000e-01 ] : vdW/Atom/epsilon/[#1:1]-[#6X4]-[#7,#8,#9,#16,#17,#35]
   3 [    vdW/Atom/rmin_half            : 1.00000e+00 ] : vdW/Atom/rmin_half/[#1:1]-[#6X4]-[#7,#8,#9,#16,#17,#35]
   4 [    vdW/Atom/epsilon              : 1.00000e-01 ] : vdW/Atom/epsilon/[#1:1]-[#8]
   5 [    vdW/Atom/rmin_half            : 1.00000e+00 ] : vdW/Atom/rmin_half/[#1:1]-[#8]
   6 [    vdW/Atom/epsilon              : 1.00000e-01 ] : vdW/Atom/epsilon/[#6X4:1]
   7 [    vdW/Atom/rmin_half            : 1.00000e+00 ] : vdW/Atom/rmin_half/[#6X4:1]
   8 [    vdW/Atom/epsilon              : 1.00000e-01 ] : vdW/Atom/epsilon/[#8X2H1+0:1]
   9 [    vdW/Atom/rmin_half            : 1.00000e+00 ] : vdW/Atom/rmin_half/[#8X2H1+0:1]
----------------------------------------------------------

#========================================================#
#| [92m               Setup for force field                [0m |#
#========================================================#
fnms                      ['smirnoff99Frosst-1.1.0.offxml'] 
priors                    OrderedDict([('vdW/Atom/epsilon', 0.1), ('vdW/Atom/rmin_half', 1.0)]) 
----------------------------------------------------------
targets/ethanol/options.json

#========================================================#
#| [92m             Loaded experimental data.              [0m |#
#========================================================#

#========================================================#
#| [92m        Reference CCO{solv}{x=1.000000} data        [0m |#
#========================================================#
Density 298.15 K-101.325 kPa 785.0 kg / m ** 3+/-0.0 kg / m ** 3 
Density 320.03 K-101.325 kPa 766.0 kg / m ** 3+/-0.0 kg / m ** 3 
EnthalpyOfVaporization 298.15 K-101.325 kPa 42.3 kJ / mol+/-0.0 kJ / mol 
EnthalpyOfVaporization 320.03 K-101.325 kPa 41.0 kJ / mol+/-0.0 kJ / mol 
----------------------------------------------------------

#========================================================#
#| [92m             Setup for target ethanol :             [0m |#
#========================================================#
name                      ethanol 
type                      EVALUATOR_SMIRNOFF 
tgtdir                    targets/ethanol 
evaluator_input           options.json 
----------------------------------------------------------

#========================================================#
#| [92m        SMIRNOFF Parameter Coverage Analysis        [0m |#
#========================================================#
Force field assignment data written to XXX/smirnoff_parameter_assignments.json
 idx Parameter                                                                                                   Count
----------------------------------------------------------------------------------------------------------------------
   0 vdW/Atom/epsilon/[#1:1]-[#6X4]                                                                       :          0
   1 vdW/Atom/rmin_half/[#1:1]-[#6X4]                                                                     :          0
   2 vdW/Atom/epsilon/[#1:1]-[#6X4]-[#7,#8,#9,#16,#17,#35]                                                :          0
   3 vdW/Atom/rmin_half/[#1:1]-[#6X4]-[#7,#8,#9,#16,#17,#35]                                              :          0
   4 vdW/Atom/epsilon/[#1:1]-[#8]                                                                         :          0
   5 vdW/Atom/rmin_half/[#1:1]-[#8]                                                                       :          0
   6 vdW/Atom/epsilon/[#6X4:1]                                                                            :          0
   7 vdW/Atom/rmin_half/[#6X4:1]                                                                          :          0
   8 vdW/Atom/epsilon/[#8X2H1+0:1]                                                                        :          0
   9 vdW/Atom/rmin_half/[#8X2H1+0:1]                                                                      :          0
SMIRNOFF Parameter Coverage Analysis result: 0/10 parameters are covered.
----------------------------------------------------------------------------------------------------------------------
Using parabolic regularization (Gaussian prior) with strength 1.0e+00 (+), 0.0e+00 (x)

#========================================================#
#| [92m           Setup for objective function :           [0m |#
#========================================================#
penalty_additive          1.0 
normalize_weights         False 
----------------------------------------------------------

#========================================================#
#| [92m                Setup for optimizer                 [0m |#
#========================================================#
jobtype                   OPTIMIZE 
trust0                    0.25 
mintrust                  0.05 
eps                       0.01 
convergence_objective     0.1 
convergence_step          0.1 
convergence_gradient      0.1 
adapt_fac                 0.2 
adapt_damp                1.0 
print_hess                True 
err_tol                   1.0 
input_file                optimize.in 
----------------------------------------------------------
Calculation started at 2020-02-10 11:36 PM

#========================================================#
#| [1m                  Main Optimizer                    [0m |#
#| [1m   Newton-Raphson Method (Adaptive Trust Radius)    [0m |#
#| [1m                                                    [0m |#
#| [1m       [0mConvergence criteria (1 of 3 needed):        [0m |#
#| [1m          [0mObjective Function  : 1.000e-01           [0m |#
#| [1m          [0mNorm of Gradient    : 1.000e-01           [0m |#
#| [1m          [0mParameter step size : 1.000e-01           [0m |#
#========================================================#

#========================================================#
#|       Color Key for Objective Function -=X2=-        |#
#|  [1mBold[0m = Initial step                                 |#
#|  [92mGreen = Current lowest value of objective function[0m  |#
#|  [91mRed = Objective function rises, step rejected[0m       |#
#|  [0mNo color = Not at the lowest value                  |#
#========================================================#

#========================================================#
#| [94m     Iteration 0: Evaluating objective function     [0m |#
#| [94m        and derivatives through second order        [0m |#
#========================================================#
Requesting the estimation of 4 properties, and their gradients with respect to 10 parameters.

4 properties were estimated using the SimulationLayer layer.


#=============================================================================================================#
#| [1;94m                                             ethanol Density                                             [0m |#
#| [1;94m Temperature  Pressure Substance  Reference  Calculated +- Stdev     Delta    Weight    Denom     Term   [0m |#
#=============================================================================================================#
  298.15 K 1.0 atm CCO{solv}{x=1.000000}   785.000        788.853 +- 0.303     3.853   0.50000  30.00000   0.00825  
  320.03 K 1.0 atm CCO{solv}{x=1.000000}   766.000        763.449 +- 0.399    -2.551   0.50000  30.00000   0.00362  
---------------------------------------------------------------------------------------------------------------

#=============================================================================================================#
#| [1;94m                                     ethanol EnthalpyOfVaporization                                      [0m |#
#| [1;94m Temperature  Pressure Substance  Reference  Calculated +- Stdev     Delta    Weight    Denom     Term   [0m |#
#=============================================================================================================#
  298.15 K 1.0 atm CCO{solv}{x=1.000000}    42.300         37.838 +- 0.184    -4.462   0.50000   3.00000   1.10585  
  320.03 K 1.0 atm CCO{solv}{x=1.000000}    41.000         36.128 +- 0.138    -4.872   0.50000   3.00000   1.31862  
---------------------------------------------------------------------------------------------------------------

#====================================================================#
#| [94m                  Objective Function Breakdown                  [0m |#
#| [94m  Target Name              Residual  x  Weight  =  Contribution [0m |#
#====================================================================#
ethanol                        2.43633      1.000 [94m     2.43633e+00[0m 
Regularization                 0.00000      1.000 [94m     0.00000e+00[0m 
Total                                             [94m     2.43633e+00[0m 
----------------------------------------------------------------------

  Step       |k|        |dk|       |grad|       -=X2=-     Delta(X2)    StepQual
     0   0.000e+00   0.000e+00   9.257e+01[1m   2.43633e+00[0m   0.000e+00      0.000


#========================================================#
#| [94m                   Total Gradient                   [0m |#
#========================================================#
   0 [ -2.76441163e+01 ] : vdW/Atom/epsilon/[#1:1]-[#6X4]
   1 [  7.57689731e+00 ] : vdW/Atom/rmin_half/[#1:1]-[#6X4]
   2 [ -1.55137893e+01 ] : vdW/Atom/epsilon/[#1:1]-[#6X4]-[#7,#8,#9,#16,#17,#35]
   3 [  5.05776910e+00 ] : vdW/Atom/rmin_half/[#1:1]-[#6X4]-[#7,#8,#9,#16,#17,#35]
   4 [ -3.04751351e+01 ] : vdW/Atom/epsilon/[#1:1]-[#8]
   5 [  1.12389241e-01 ] : vdW/Atom/rmin_half/[#1:1]-[#8]
   6 [ -1.49843446e+01 ] : vdW/Atom/epsilon/[#6X4:1]
   7 [ -2.35749537e+01 ] : vdW/Atom/rmin_half/[#6X4:1]
   8 [  5.28513399e-03 ] : vdW/Atom/epsilon/[#8X2H1+0:1]
   9 [  7.59728862e+01 ] : vdW/Atom/rmin_half/[#8X2H1+0:1]
----------------------------------------------------------

#========================================================#
#| [94m                   Total Hessian                    [0m |#
#========================================================#
 2.32436608e+02 -1.92093047e+02  1.21294209e+02 -1.23662879e+02  2.55626863e+02 -7.72521150e-01  1.51604060e+02  1.76423749e+02  6.95632740e+00 -5.88214314e+02 
-1.92093047e+02  3.27518480e+02 -9.51705669e+01  2.01852119e+02 -2.24266457e+02  4.45268682e-01 -1.61589615e+02 -1.26793134e+02 -1.42351994e+01  4.51226008e+02 
 1.21294209e+02 -9.51705669e+01  6.76900065e+01 -5.94050707e+01  1.37423894e+02 -4.17929518e-01  7.88881858e+01  9.56197468e+01  3.15774415e+00 -3.17759364e+02 
-1.23662879e+02  2.01852119e+02 -5.94050707e+01  1.30154460e+02 -1.39533952e+02  2.90374559e-01 -1.01919897e+02 -7.99039327e+01 -9.03494549e+00  2.83415400e+02 
 2.55626863e+02 -2.24266457e+02  1.37423894e+02 -1.39533952e+02  2.93058750e+02 -8.52311796e-01  1.71274552e+02  1.98443804e+02  7.88091422e+00 -6.63698928e+02 
-7.72521150e-01  4.45268682e-01 -4.17929518e-01  2.90374559e-01 -8.52311796e-01  2.00284021e+00 -4.66860944e-01 -6.21071362e-01 -1.26645145e-02  2.03689617e+00 
 1.51604060e+02 -1.61589615e+02  7.88881858e+01 -1.01919897e+02  1.71274552e+02 -4.66860944e-01  1.09314061e+02  1.12194190e+02  6.32898670e+00 -3.80136578e+02 
 1.76423749e+02 -1.26793134e+02  9.56197468e+01 -7.99039327e+01  1.98443804e+02 -6.21071362e-01  1.12194190e+02  1.42085326e+02  4.04133432e+00 -4.63578774e+02 
 6.95632740e+00 -1.42351994e+01  3.15774415e+00 -9.03494549e+00  7.88091422e+00 -1.26645145e-02  6.32898670e+00  4.04133432e+00  2.66510187e+00 -1.49265844e+01 
-5.88214314e+02  4.51226008e+02 -3.17759364e+02  2.83415400e+02 -6.63698928e+02  2.03689617e+00 -3.80136578e+02 -4.63578774e+02 -1.49265844e+01  1.54113222e+03 
----------------------------------------------------------
Calculating nonlinear optimization step
Newton-Raphson step found (length 9.4849e-02)

#========================================================#
#| [95m  Mathematical Parameters (Current + Step = Next)   [0m |#
#========================================================#
   0 [  0.0000e+00 + 3.3415e-02 =  3.3415e-02 ] : vdW/Atom/epsilon/[#1:1]-[#6X4]
   1 [  0.0000e+00 + 6.7363e-02 =  6.7363e-02 ] : vdW/Atom/rmin_half/[#1:1]-[#6X4]
   2 [  0.0000e+00 + 3.2523e-03 =  3.2523e-03 ] : vdW/Atom/epsilon/[#1:1]-[#6X4]-[#7,#8,#9,#16,#17,#35]
   3 [  0.0000e+00 + 1.7328e-02 =  1.7328e-02 ] : vdW/Atom/rmin_half/[#1:1]-[#6X4]-[#7,#8,#9,#16,#17,#35]
   4 [  0.0000e+00 + 4.6107e-03 =  4.6107e-03 ] : vdW/Atom/epsilon/[#1:1]-[#8]
   5 [  0.0000e+00 - 2.0468e-04 = -2.0468e-04 ] : vdW/Atom/rmin_half/[#1:1]-[#8]
   6 [  0.0000e+00 - 1.6081e-03 = -1.6081e-03 ] : vdW/Atom/epsilon/[#6X4:1]
   7 [  0.0000e+00 + 1.7263e-02 =  1.7263e-02 ] : vdW/Atom/rmin_half/[#6X4:1]
   8 [  0.0000e+00 - 1.8390e-03 = -1.8390e-03 ] : vdW/Atom/epsilon/[#8X2H1+0:1]
   9 [  0.0000e+00 - 5.2018e-02 = -5.2018e-02 ] : vdW/Atom/rmin_half/[#8X2H1+0:1]
----------------------------------------------------------

#========================================================#
#| [95m    Physical Parameters (Current + Step = Next)     [0m |#
#========================================================#
   0 [  1.5700e-02 + 3.3415e-03 =  1.9041e-02 ] : vdW/Atom/epsilon/[#1:1]-[#6X4]
   1 [  1.4870e+00 + 6.7363e-02 =  1.5544e+00 ] : vdW/Atom/rmin_half/[#1:1]-[#6X4]
   2 [  1.5700e-02 + 3.2523e-04 =  1.6025e-02 ] : vdW/Atom/epsilon/[#1:1]-[#6X4]-[#7,#8,#9,#16,#17,#35]
   3 [  1.3870e+00 + 1.7328e-02 =  1.4043e+00 ] : vdW/Atom/rmin_half/[#1:1]-[#6X4]-[#7,#8,#9,#16,#17,#35]
   4 [  5.2700e-05 + 4.6107e-04 =  5.1377e-04 ] : vdW/Atom/epsilon/[#1:1]-[#8]
   5 [  3.0000e-01 - 2.0468e-04 =  2.9980e-01 ] : vdW/Atom/rmin_half/[#1:1]-[#8]
   6 [  1.0940e-01 - 1.6081e-04 =  1.0924e-01 ] : vdW/Atom/epsilon/[#6X4:1]
   7 [  1.9080e+00 + 1.7263e-02 =  1.9253e+00 ] : vdW/Atom/rmin_half/[#6X4:1]
   8 [  2.1040e-01 - 1.8390e-04 =  2.1022e-01 ] : vdW/Atom/epsilon/[#8X2H1+0:1]
   9 [  1.7210e+00 - 5.2018e-02 =  1.6690e+00 ] : vdW/Atom/rmin_half/[#8X2H1+0:1]
----------------------------------------------------------
Input file with saved parameters: optimize.sav

#========================================================#
#| [94m     Iteration 1: Evaluating objective function     [0m |#
#| [94m        and derivatives through second order        [0m |#
#========================================================#
Requesting the estimation of 4 properties, and their gradients with respect to 10 parameters.

4 properties were estimated using the SimulationLayer layer.


#=============================================================================================================#
#| [1;94m                                             ethanol Density                                             [0m |#
#| [1;94m Temperature  Pressure Substance  Reference  Calculated +- Stdev     Delta    Weight    Denom     Term   [0m |#
#=============================================================================================================#
  298.15 K 1.0 atm CCO{solv}{x=1.000000}   785.000        781.578 +- 0.359    -3.422   0.50000  30.00000   0.00650  
  320.03 K 1.0 atm CCO{solv}{x=1.000000}   766.000        758.911 +- 0.399    -7.089   0.50000  30.00000   0.02792  
---------------------------------------------------------------------------------------------------------------

#=============================================================================================================#
#| [1;94m                                     ethanol EnthalpyOfVaporization                                      [0m |#
#| [1;94m Temperature  Pressure Substance  Reference  Calculated +- Stdev     Delta    Weight    Denom     Term   [0m |#
#=============================================================================================================#
  298.15 K 1.0 atm CCO{solv}{x=1.000000}    42.300         42.526 +- 0.175     0.226   0.50000   3.00000   0.00283  
  320.03 K 1.0 atm CCO{solv}{x=1.000000}    41.000         40.651 +- 0.188    -0.349   0.50000   3.00000   0.00675  
---------------------------------------------------------------------------------------------------------------

#===================================================================================#
#| [94m                         Objective Function Breakdown                          [0m |#
#| [94m  Target Name              Residual  x  Weight  =  Contribution (Current-Prev) [0m |#
#===================================================================================#
ethanol                        0.04400      1.000 [92m     4.39991e-02[0m ( -2.392e+00 ) 
Regularization                 0.00900      1.000 [91m     8.99625e-03[0m ( +8.996e-03 ) 
Total                                             [92m     5.29953e-02[0m ( -2.383e+00 ) 
-------------------------------------------------------------------------------------
Creating the directory XXX/result/optimize to print the force field

#========================================================================#
#|  The force field has been written to the result/optimize directory.  |#
#|    Input file with optimization parameters saved to optimize.sav.    |#
#========================================================================#

  Step       |k|        |dk|       |grad|       -=X2=-     Delta(X2)    StepQual
     1   9.485e-02   9.485e-02   9.935e+00[92m   5.29953e-02[0m  -2.383e+00      0.983


#========================================================#
#| [94m                   Total Gradient                   [0m |#
#========================================================#
   0 [ -2.09615997e+00 ] : vdW/Atom/epsilon/[#1:1]-[#6X4]
   1 [  5.90005247e+00 ] : vdW/Atom/rmin_half/[#1:1]-[#6X4]
   2 [ -1.54773159e+00 ] : vdW/Atom/epsilon/[#1:1]-[#6X4]-[#7,#8,#9,#16,#17,#35]
   3 [  2.27906350e+00 ] : vdW/Atom/rmin_half/[#1:1]-[#6X4]-[#7,#8,#9,#16,#17,#35]
   4 [ -4.99419819e-01 ] : vdW/Atom/epsilon/[#1:1]-[#8]
   5 [  5.78341597e-02 ] : vdW/Atom/rmin_half/[#1:1]-[#8]
   6 [ -2.21480591e+00 ] : vdW/Atom/epsilon/[#6X4:1]
   7 [ -1.84836034e+00 ] : vdW/Atom/rmin_half/[#6X4:1]
   8 [ -1.21187740e-01 ] : vdW/Atom/epsilon/[#8X2H1+0:1]
   9 [  6.58236239e+00 ] : vdW/Atom/rmin_half/[#8X2H1+0:1]
----------------------------------------------------------

#========================================================#
#| [94m                   Total Hessian                    [0m |#
#========================================================#
 1.90536421e+02 -2.22309934e+02  1.29448023e+02 -7.63425261e+01  4.25291690e+01 -5.81410877e+00  1.38883388e+02  1.72441223e+02 -9.79264361e-01 -6.49497082e+02 
-2.22309934e+02  5.40281212e+02 -1.54943292e+02  2.17920442e+02 -5.69123627e+01  5.58265618e+00 -2.15864565e+02 -1.82406788e+02 -1.10592555e+01  6.80810037e+02 
 1.29448023e+02 -1.54943292e+02  9.09889316e+01 -5.31872823e+01  2.91201008e+01 -3.99275497e+00  9.58089744e+01  1.18550651e+02 -5.91369805e-01 -4.45420250e+02 
-7.63425261e+01  2.17920442e+02 -5.31872823e+01  9.31677969e+01 -2.08133412e+01  1.73033556e+00 -8.03230606e+01 -5.90551540e+01 -5.31869737e+00  2.23373573e+02 
 4.25291690e+01 -5.69123627e+01  2.91201008e+01 -2.08133412e+01  1.19680454e+01 -1.26409983e+00  3.25823276e+01  3.78918219e+01  1.06627493e-01 -1.44259515e+02 
-5.81410877e+00  5.58265618e+00 -3.99275497e+00  1.73033556e+00 -1.26409983e+00  2.18678151e+00 -4.04552106e+00 -5.45472010e+00  8.97744716e-02  2.04685424e+01 
 1.38883388e+02 -2.15864565e+02  9.58089744e+01 -8.03230606e+01  3.25823276e+01 -4.04552106e+00  1.14142879e+02  1.23138760e+02  1.57691434e+00 -4.62519081e+02 
 1.72441223e+02 -1.82406788e+02  1.18550651e+02 -5.90551540e+01  3.78918219e+01 -5.45472010e+00  1.23138760e+02  1.62486931e+02 -1.89445861e+00 -6.01091527e+02 
-9.79264361e-01 -1.10592555e+01 -5.91369805e-01 -5.31869737e+00  1.06627493e-01  8.97744716e-02  1.57691434e+00 -1.89445861e+00  2.55237780e+00  7.26063621e+00 
-6.49497082e+02  6.80810037e+02 -4.45420250e+02  2.23373573e+02 -1.44259515e+02  2.04685424e+01 -4.62519081e+02 -6.01091527e+02  7.26063621e+00  2.26910219e+03 
----------------------------------------------------------
Convergence criterion reached in step size (1.00e-01)

#========================================================#
#| [92m               [0m[1mOptimization Converged[0m               [0m |#
#| [92m           Final objective function value           [0m |#
#| [92m  Full:  5.299535e-02  Un-penalized:  4.399909e-02  [0m |#
#========================================================#

#========================================================#
#| [94m           Final optimization parameters:           [0m |#
#========================================================#
   0 [  3.3415e-02 ] : vdW/Atom/epsilon/[#1:1]-[#6X4]
   1 [  6.7363e-02 ] : vdW/Atom/rmin_half/[#1:1]-[#6X4]
   2 [  3.2523e-03 ] : vdW/Atom/epsilon/[#1:1]-[#6X4]-[#7,#8,#9,#16,#17,#35]
   3 [  1.7328e-02 ] : vdW/Atom/rmin_half/[#1:1]-[#6X4]-[#7,#8,#9,#16,#17,#35]
   4 [  4.6107e-03 ] : vdW/Atom/epsilon/[#1:1]-[#8]
   5 [ -2.0468e-04 ] : vdW/Atom/rmin_half/[#1:1]-[#8]
   6 [ -1.6081e-03 ] : vdW/Atom/epsilon/[#6X4:1]
   7 [  1.7263e-02 ] : vdW/Atom/rmin_half/[#6X4:1]
   8 [ -1.8390e-03 ] : vdW/Atom/epsilon/[#8X2H1+0:1]
   9 [ -5.2018e-02 ] : vdW/Atom/rmin_half/[#8X2H1+0:1]

#========================================================#
#| [94m             Final physical parameters:             [0m |#
#========================================================#
   0 [  1.9041e-02 ] : vdW/Atom/epsilon/[#1:1]-[#6X4]
   1 [  1.5544e+00 ] : vdW/Atom/rmin_half/[#1:1]-[#6X4]
   2 [  1.6025e-02 ] : vdW/Atom/epsilon/[#1:1]-[#6X4]-[#7,#8,#9,#16,#17,#35]
   3 [  1.4043e+00 ] : vdW/Atom/rmin_half/[#1:1]-[#6X4]-[#7,#8,#9,#16,#17,#35]
   4 [  5.1377e-04 ] : vdW/Atom/epsilon/[#1:1]-[#8]
   5 [  2.9980e-01 ] : vdW/Atom/rmin_half/[#1:1]-[#8]
   6 [  1.0924e-01 ] : vdW/Atom/epsilon/[#6X4:1]
   7 [  1.9253e+00 ] : vdW/Atom/rmin_half/[#6X4:1]
   8 [  2.1022e-01 ] : vdW/Atom/epsilon/[#8X2H1+0:1]
   9 [  1.6690e+00 ] : vdW/Atom/rmin_half/[#8X2H1+0:1]
----------------------------------------------------------
Backing up result/optimize/smirnoff99Frosst-1.1.0.offxml -> result/optimize/smirnoff99Frosst-1.1.0_1.offxml

#========================================================================#
#|  The force field has been written to the result/optimize directory.  |#
#|    Input file with optimization parameters saved to optimize.sav.    |#
#========================================================================#
Wall time since calculation start: 6933.0 seconds

#========================================================#
#| [1;44;93m               Calculation Finished.                [0m |#
#| [1;44;93m     ---==(  May the Force be with you!  )==---     [0m |#
#========================================================#
